MOVE_COUNT,EPISODE_REWARDS,ACTIONS_NUMBERS,PATHS,EPSILON,ALPHA,GAMMA
56,-2.25,"[34, 35, 36, 24, 25, 12, 25, 26, 25, 24, 25, 24, 36, 35, 34, 26, 25, 26, 25, 26, 34, 35, 36, 24, 25, 26, 25, 24, 36, 24, 25, 12, 25, 24, 36, 24, 36, 24, 25, 24, 25, 24, 23, 21, 22, 15, 14, 66, 65, 64, 65, 52, 53, 51, 53, 54]","['[R R2 -> R C2]', '[R C2 -> R L1]', '[B R1 -> B C2]', '[R L1 -> R R1]', '[B C2 -> B L1]', '[G C1 -> G R2]', '[G R2 -> G C1]', '[R R1 -> R C2]', '[R C2 -> R R1]', '[B L1 -> B C2]', '[B C2 -> B L1]', '[B L1 -> B C2]', '[R R1 -> R L1]', '[B C2 -> B R1]', '[R L1 -> R C2]', '[B R1 -> B L1]', '[R C2 -> R R1]', '[R R1 -> R C2]', '[R C2 -> R R1]', '[R R1 -> R C2]', '[B L1 -> B R1]', '[R C2 -> R L1]', '[B R1 -> B C2]', '[R L1 -> R R1]', '[B C2 -> B L1]', '[R R1 -> R C2]', '[R C2 -> R R1]', '[B L1 -> B C2]', '[R R1 -> R L1]', '[R L1 -> R R1]', '[B C2 -> B L1]', '[G C1 -> G R2]', '[G R2 -> G C1]', '[B L1 -> B C2]', '[R R1 -> R L1]', '[R L1 -> R R1]', '[R R1 -> R L1]', '[R L1 -> R R1]', '[B C2 -> B L1]', '[B L1 -> B C2]', '[B C2 -> B L1]', '[B L1 -> B C2]', '[B C2 -> B R2]', '[G C1 -> G R3]', '[G R3 -> G L1]', '[B R2 -> B C1]', '[G L1 -> G C2]', '[R R1 -> R L1]', '[G C2 -> G R1]', '[R L1 -> R C2]', '[R C2 -> R L1]', '[B C1 -> B R2]', '[R L1 -> R C1]', '[R C1 -> R R3]', '[R R3 -> R C1]', '[B R2 -> B C2]']",0.9801,0.4,0.5
31,1.25,"[32, 31, 33, 31, 32, 31, 32, 33, 31, 33, 34, 33, 32, 31, 33, 34, 33, 32, 31, 32, 31, 32, 33, 34, 33, 35, 42, 43, 45, 46, 54]","['[G C1 -> G L1]', '[G L1 -> G R2]', '[G R2 -> G C1]', '[G C1 -> G R2]', '[G R2 -> G L1]', '[G L1 -> G R2]', '[G R2 -> G L1]', '[G L1 -> G C1]', '[G C1 -> G R2]', '[G R2 -> G C1]', '[R R2 -> R C2]', '[R C2 -> R R2]', '[G C1 -> G L1]', '[G L1 -> G R2]', '[G R2 -> G C1]', '[R R2 -> R C2]', '[R C2 -> R R2]', '[G C1 -> G L1]', '[G L1 -> G R2]', '[G R2 -> G L1]', '[G L1 -> G R2]', '[G R2 -> G L1]', '[G L1 -> G C1]', '[R R2 -> R C2]', '[R C2 -> R R2]', '[R R2 -> R L1]', '[G C1 -> G R2]', '[R L1 -> R C1]', '[G R2 -> G L1]', '[B R1 -> B C2]', '[G L1 -> G R1]']",0.9702989999999999,0.4,0.5
22,1.25,"[31, 33, 32, 45, 44, 56, 55, 62, 55, 53, 55, 56, 55, 56, 44, 56, 55, 62, 55, 62, 55, 54]","['[G C1 -> G R2]', '[G R2 -> G C1]', '[G C1 -> G L1]', '[R R2 -> R C1]', '[G L1 -> G C2]', '[B R1 -> B L1]', '[G C2 -> G R1]', '[R C1 -> R R2]', '[R R2 -> R C1]', '[B L1 -> B R2]', '[B R2 -> B L1]', '[G R1 -> G C2]', '[G C2 -> G R1]', '[G R1 -> G C2]', '[B L1 -> B R1]', '[B R1 -> B L1]', '[G C2 -> G R1]', '[R C1 -> R R2]', '[R R2 -> R C1]', '[R C1 -> R R2]', '[R R2 -> R C1]', '[B L1 -> B C2]']",0.96059601,0.4,0.5
214,-161.0,"[32, 45, 43, 42, 35, 34, 33, 31, 33, 34, 33, 35, 33, 35, 33, 32, 33, 31, 32, 45, 32, 45, 46, 45, 46, 45, 44, 45, 43, 45, 44, 45, 46, 45, 32, 33, 32, 31, 32, 31, 32, 45, 43, 42, 35, 36, 24, 36, 35, 42, 43, 45, 32, 33, 35, 42, 35, 42, 41, 42, 35, 42, 43, 42, 35, 34, 35, 34, 26, 25, 26, 34, 35, 36, 35, 33, 35, 42, 43, 45, 43, 41, 43, 42, 35, 33, 34, 26, 25, 26, 25, 12, 25, 12, 11, 12, 11, 13, 15, 22, 15, 16, 15, 14, 66, 14, 13, 14, 66, 65, 64, 65, 66, 14, 66, 14, 13, 15, 16, 15, 22, 23, 24, 23, 21, 22, 21, 22, 23, 21, 22, 15, 14, 13, 14, 15, 13, 12, 13, 12, 25, 23, 24, 25, 12, 13, 15, 16, 64, 63, 65, 52, 51, 52, 53, 55, 56, 44, 43, 41, 42, 35, 42, 41, 43, 42, 43, 44, 56, 44, 45, 44, 43, 42, 41, 42, 35, 42, 35, 34, 35, 34, 26, 25, 24, 36, 35, 33, 31, 33, 34, 26, 34, 26, 34, 33, 32, 45, 44, 43, 44, 45, 43, 42, 35, 42, 41, 43, 45, 43, 44, 45, 46, 54]","['[G C1 -> G L1]', '[R R2 -> R C1]', '[G L1 -> G R2]', '[R C1 -> R L1]', '[G R2 -> G C1]', '[R L1 -> R C2]', '[R C2 -> R R2]', '[G C1 -> G R2]', '[G R2 -> G C1]', '[R R2 -> R C2]', '[R C2 -> R R2]', '[R R2 -> R L1]', '[R L1 -> R R2]', '[R R2 -> R L1]', '[R L1 -> R R2]', '[G C1 -> G L1]', '[G L1 -> G C1]', '[G C1 -> G R2]', '[G R2 -> G L1]', '[R R2 -> R C1]', '[R C1 -> R R2]', '[R R2 -> R C1]', '[B R1 -> B C2]', '[B C2 -> B R1]', '[B R1 -> B C2]', '[B C2 -> B R1]', '[G L1 -> G C2]', '[G C2 -> G L1]', '[G L1 -> G R2]', '[G R2 -> G L1]', '[G L1 -> G C2]', '[G C2 -> G L1]', '[B R1 -> B C2]', '[B C2 -> B R1]', '[R C1 -> R R2]', '[G L1 -> G C1]', '[G C1 -> G L1]', '[G L1 -> G R2]', '[G R2 -> G L1]', '[G L1 -> G R2]', '[G R2 -> G L1]', '[R R2 -> R C1]', '[G L1 -> G R2]', '[R C1 -> R L1]', '[G R2 -> G C1]', '[B R1 -> B C2]', '[R L1 -> R R1]', '[R R1 -> R L1]', '[B C2 -> B R1]', '[G C1 -> G R2]', '[R L1 -> R C1]', '[G R2 -> G L1]', '[R C1 -> R R2]', '[G L1 -> G C1]', '[R R2 -> R L1]', '[G C1 -> G R2]', '[G R2 -> G C1]', '[G C1 -> G R2]', '[R L1 -> R R3]', '[R R3 -> R L1]', '[G R2 -> G C1]', '[G C1 -> G R2]', '[R L1 -> R C1]', '[R C1 -> R L1]', '[G R2 -> G C1]', '[R L1 -> R C2]', '[R C2 -> R L1]', '[R L1 -> R C2]', '[B R1 -> B L1]', '[R C2 -> R R1]', '[R R1 -> R C2]', '[B L1 -> B R1]', '[R C2 -> R L1]', '[B R1 -> B C2]', '[B C2 -> B R1]', '[R L1 -> R R2]', '[R R2 -> R L1]', '[G C1 -> G R2]', '[R L1 -> R C1]', '[G R2 -> G L1]', '[G L1 -> G R2]', '[R C1 -> R R3]', '[R R3 -> R C1]', '[R C1 -> R L1]', '[G R2 -> G C1]', '[R L1 -> R R2]', '[R R2 -> R C2]', '[B R1 -> B L1]', '[R C2 -> R R1]', '[R R1 -> R C2]', '[R C2 -> R R1]', '[G C1 -> G R2]', '[G R2 -> G C1]', '[G C1 -> G R2]', '[B L1 -> B R3]', '[B R3 -> B L1]', '[B L1 -> B R3]', '[B R3 -> B C1]', '[G R2 -> G L1]', '[B C1 -> B R2]', '[B R2 -> B C1]', '[R R1 -> R C2]', '[R C2 -> R R1]', '[G L1 -> G C2]', '[R R1 -> R L1]', '[R L1 -> R R1]', '[G C2 -> G R2]', '[G R2 -> G C2]', '[R R1 -> R L1]', '[G C2 -> G R1]', '[R L1 -> R C2]', '[R C2 -> R L1]', '[G R1 -> G C2]', '[R L1 -> R R1]', '[R R1 -> R L1]', '[R L1 -> R R1]', '[G C2 -> G R2]', '[G R2 -> G L1]', '[R R1 -> R C2]', '[R C2 -> R R1]', '[B C1 -> B R2]', '[G L1 -> G C1]', '[B R2 -> B C2]', '[B C2 -> B R2]', '[G C1 -> G R3]', '[G R3 -> G L1]', '[G L1 -> G R3]', '[G R3 -> G L1]', '[G L1 -> G C1]', '[G C1 -> G R3]', '[G R3 -> G L1]', '[B R2 -> B C1]', '[G L1 -> G C2]', '[G C2 -> G R2]', '[G R2 -> G C2]', '[G C2 -> G L1]', '[G L1 -> G R2]', '[B C1 -> B L1]', '[B L1 -> B C1]', '[B C1 -> B L1]', '[G R2 -> G C1]', '[B L1 -> B R2]', '[B R2 -> B C2]', '[B C2 -> B L1]', '[G C1 -> G R2]', '[B L1 -> B C1]', '[G R2 -> G L1]', '[R R1 -> R C2]', '[G L1 -> G R1]', '[R C2 -> R R2]', '[R R2 -> R L1]', '[B C1 -> B R2]', '[R L1 -> R R3]', '[R R3 -> R L1]', '[R L1 -> R C1]', '[B R2 -> B L1]', '[G R1 -> G C2]', '[B L1 -> B R1]', '[G C2 -> G R2]', '[R C1 -> R R3]', '[R R3 -> R L1]', '[G R2 -> G C1]', '[G C1 -> G R2]', '[R L1 -> R R3]', '[R R3 -> R C1]', '[R C1 -> R L1]', '[R L1 -> R C1]', '[G R2 -> G C2]', '[B R1 -> B L1]', '[B L1 -> B R1]', '[G C2 -> G L1]', '[G L1 -> G C2]', '[G C2 -> G R2]', '[R C1 -> R L1]', '[R L1 -> R R3]', '[R R3 -> R L1]', '[G R2 -> G C1]', '[G C1 -> G R2]', '[G R2 -> G C1]', '[R L1 -> R C2]', '[R C2 -> R L1]', '[R L1 -> R C2]', '[B R1 -> B L1]', '[R C2 -> R R1]', '[B L1 -> B C2]', '[R R1 -> R L1]', '[B C2 -> B R1]', '[R L1 -> R R2]', '[G C1 -> G R2]', '[G R2 -> G C1]', '[R R2 -> R C2]', '[B R1 -> B L1]', '[B L1 -> B R1]', '[B R1 -> B L1]', '[B L1 -> B R1]', '[R C2 -> R R2]', '[G C1 -> G L1]', '[R R2 -> R C1]', '[G L1 -> G C2]', '[G C2 -> G R2]', '[G R2 -> G C2]', '[G C2 -> G L1]', '[G L1 -> G R2]', '[R C1 -> R L1]', '[G R2 -> G C1]', '[G C1 -> G R2]', '[R L1 -> R R3]', '[R R3 -> R C1]', '[G R2 -> G L1]', '[G L1 -> G R2]', '[G R2 -> G C2]', '[G C2 -> G L1]', '[B R1 -> B C2]', '[G L1 -> G R1]']",0.9509900498999999,0.4,0.5
500,-447.0,"[34, 33, 35, 36, 24, 36, 24, 23, 25, 24, 23, 25, 24, 36, 35, 33, 31, 33, 35, 34, 26, 34, 35, 34, 33, 31, 32, 33, 31, 33, 35, 36, 35, 36, 24, 36, 24, 23, 25, 26, 34, 26, 34, 26, 25, 24, 36, 35, 33, 35, 34, 26, 25, 26, 34, 35, 42, 43, 41, 42, 43, 42, 41, 43, 45, 44, 43, 45, 44, 45, 32, 45, 32, 31, 33, 32, 31, 32, 33, 34, 35, 36, 24, 25, 12, 13, 11, 13, 15, 13, 14, 66, 14, 15, 22, 21, 23, 25, 12, 13, 15, 13, 11, 12, 25, 12, 25, 24, 36, 24, 23, 25, 23, 25, 26, 34, 35, 36, 35, 34, 35, 33, 35, 33, 34, 33, 31, 33, 34, 33, 31, 33, 32, 45, 43, 42, 35, 36, 35, 42, 41, 43, 42, 41, 42, 43, 42, 35, 34, 35, 33, 32, 31, 32, 33, 35, 36, 35, 36, 24, 25, 24, 36, 35, 36, 35, 34, 33, 31, 33, 32, 45, 32, 33, 34, 26, 25, 26, 25, 26, 25, 26, 25, 26, 25, 12, 13, 14, 15, 22, 15, 22, 21, 23, 24, 25, 26, 34, 33, 31, 32, 31, 32, 31, 33, 31, 32, 45, 46, 45, 46, 45, 32, 31, 33, 32, 45, 32, 33, 34, 35, 33, 31, 33, 34, 26, 25, 26, 34, 35, 33, 35, 34, 26, 34, 33, 35, 33, 35, 34, 26, 34, 26, 25, 23, 22, 23, 25, 24, 23, 22, 21, 23, 25, 24, 23, 21, 22, 15, 14, 15, 16, 15, 14, 13, 12, 25, 12, 13, 12, 11, 12, 13, 15, 14, 66, 14, 66, 65, 64, 63, 62, 61, 62, 61, 63, 64, 63, 64, 16, 15, 16, 15, 13, 11, 13, 14, 15, 14, 15, 16, 64, 16, 15, 22, 23, 25, 12, 11, 12, 11, 13, 12, 25, 24, 23, 24, 36, 24, 36, 24, 25, 12, 25, 12, 11, 12, 13, 11, 12, 13, 11, 13, 14, 66, 65, 63, 64, 65, 66, 14, 15, 14, 66, 65, 66, 14, 13, 12, 25, 24, 36, 24, 25, 12, 25, 23, 25, 26, 25, 24, 25, 26, 34, 26, 25, 23, 22, 23, 24, 23, 21, 23, 21, 22, 21, 22, 23, 22, 23, 21, 22, 21, 22, 21, 23, 25, 12, 25, 24, 25, 23, 25, 23, 22, 21, 22, 23, 22, 23, 22, 21, 22, 23, 21, 22, 15, 14, 15, 16, 15, 14, 13, 15, 14, 13, 12, 25, 24, 25, 12, 25, 23, 21, 23, 21, 23, 25, 23, 24, 23, 25, 26, 34, 35, 36, 24, 23, 24, 25, 23, 22, 15, 13, 12, 11, 13, 12, 25, 23, 22, 15, 22, 23, 24, 23, 21, 22, 15, 13, 12, 11, 12, 25, 12, 11, 13, 15, 16, 15, 13, 14, 15, 13, 11, 12, 13, 12, 13, 11, 13, 15, 16, 64, 63, 61, 63, 61, 62, 61, 63, 61, 63, 64, 63, 61, 63, 64, 16, 64]","['[R R2 -> R C2]', '[R C2 -> R R2]', '[R R2 -> R L1]', '[B R1 -> B C2]', '[R L1 -> R R1]', '[R R1 -> R L1]', '[R L1 -> R R1]', '[B C2 -> B R2]', '[B R2 -> B L1]', '[B L1 -> B C2]', '[B C2 -> B R2]', '[B R2 -> B L1]', '[B L1 -> B C2]', '[R R1 -> R L1]', '[B C2 -> B R1]', '[R L1 -> R R2]', '[G C1 -> G R2]', '[G R2 -> G C1]', '[R R2 -> R L1]', '[R L1 -> R C2]', '[B R1 -> B L1]', '[B L1 -> B R1]', '[R C2 -> R L1]', '[R L1 -> R C2]', '[R C2 -> R R2]', '[G C1 -> G R2]', '[G R2 -> G L1]', '[G L1 -> G C1]', '[G C1 -> G R2]', '[G R2 -> G C1]', '[R R2 -> R L1]', '[B R1 -> B C2]', '[B C2 -> B R1]', '[B R1 -> B C2]', '[R L1 -> R R1]', '[R R1 -> R L1]', '[R L1 -> R R1]', '[B C2 -> B R2]', '[B R2 -> B L1]', '[R R1 -> R C2]', '[B L1 -> B R1]', '[B R1 -> B L1]', '[B L1 -> B R1]', '[B R1 -> B L1]', '[R C2 -> R R1]', '[B L1 -> B C2]', '[R R1 -> R L1]', '[B C2 -> B R1]', '[R L1 -> R R2]', '[R R2 -> R L1]', '[R L1 -> R C2]', '[B R1 -> B L1]', '[R C2 -> R R1]', '[R R1 -> R C2]', '[B L1 -> B R1]', '[R C2 -> R L1]', '[G C1 -> G R2]', '[R L1 -> R C1]', '[R C1 -> R R3]', '[R R3 -> R L1]', '[R L1 -> R C1]', '[R C1 -> R L1]', '[R L1 -> R R3]', '[R R3 -> R C1]', '[G R2 -> G L1]', '[G L1 -> G C2]', '[G C2 -> G R2]', '[G R2 -> G L1]', '[G L1 -> G C2]', '[G C2 -> G L1]', '[R C1 -> R R2]', '[R R2 -> R C1]', '[R C1 -> R R2]', '[G L1 -> G R2]', '[G R2 -> G C1]', '[G C1 -> G L1]', '[G L1 -> G R2]', '[G R2 -> G L1]', '[G L1 -> G C1]', '[R R2 -> R C2]', '[R C2 -> R L1]', '[B R1 -> B C2]', '[R L1 -> R R1]', '[B C2 -> B L1]', '[G C1 -> G R2]', '[B L1 -> B C1]', '[B C1 -> B R3]', '[B R3 -> B C1]', '[G R2 -> G L1]', '[G L1 -> G R2]', '[G R2 -> G C2]', '[R R1 -> R L1]', '[R L1 -> R R1]', '[G C2 -> G L1]', '[B C1 -> B R2]', '[G L1 -> G R3]', '[G R3 -> G C1]', '[B R2 -> B L1]', '[G C1 -> G R2]', '[B L1 -> B C1]', '[G R2 -> G L1]', '[G L1 -> G R2]', '[B C1 -> B R3]', '[B R3 -> B L1]', '[G R2 -> G C1]', '[G C1 -> G R2]', '[G R2 -> G C1]', '[B L1 -> B C2]', '[R R1 -> R L1]', '[R L1 -> R R1]', '[B C2 -> B R2]', '[B R2 -> B L1]', '[B L1 -> B R2]', '[B R2 -> B L1]', '[R R1 -> R C2]', '[B L1 -> B R1]', '[R C2 -> R L1]', '[B R1 -> B C2]', '[B C2 -> B R1]', '[R L1 -> R C2]', '[R C2 -> R L1]', '[R L1 -> R R2]', '[R R2 -> R L1]', '[R L1 -> R R2]', '[R R2 -> R C2]', '[R C2 -> R R2]', '[G C1 -> G R2]', '[G R2 -> G C1]', '[R R2 -> R C2]', '[R C2 -> R R2]', '[G C1 -> G R2]', '[G R2 -> G C1]', '[G C1 -> G L1]', '[R R2 -> R C1]', '[G L1 -> G R2]', '[R C1 -> R L1]', '[G R2 -> G C1]', '[B R1 -> B C2]', '[B C2 -> B R1]', '[G C1 -> G R2]', '[R L1 -> R R3]', '[R R3 -> R C1]', '[R C1 -> R L1]', '[R L1 -> R R3]', '[R R3 -> R L1]', '[R L1 -> R C1]', '[R C1 -> R L1]', '[G R2 -> G C1]', '[R L1 -> R C2]', '[R C2 -> R L1]', '[R L1 -> R R2]', '[G C1 -> G L1]', '[G L1 -> G R2]', '[G R2 -> G L1]', '[G L1 -> G C1]', '[R R2 -> R L1]', '[B R1 -> B C2]', '[B C2 -> B R1]', '[B R1 -> B C2]', '[R L1 -> R R1]', '[B C2 -> B L1]', '[B L1 -> B C2]', '[R R1 -> R L1]', '[B C2 -> B R1]', '[B R1 -> B C2]', '[B C2 -> B R1]', '[R L1 -> R C2]', '[R C2 -> R R2]', '[G C1 -> G R2]', '[G R2 -> G C1]', '[G C1 -> G L1]', '[R R2 -> R C1]', '[R C1 -> R R2]', '[G L1 -> G C1]', '[R R2 -> R C2]', '[B R1 -> B L1]', '[R C2 -> R R1]', '[R R1 -> R C2]', '[R C2 -> R R1]', '[R R1 -> R C2]', '[R C2 -> R R1]', '[R R1 -> R C2]', '[R C2 -> R R1]', '[R R1 -> R C2]', '[R C2 -> R R1]', '[G C1 -> G R2]', '[B L1 -> B C1]', '[G R2 -> G C2]', '[G C2 -> G L1]', '[B C1 -> B R2]', '[B R2 -> B C1]', '[B C1 -> B R2]', '[G L1 -> G R3]', '[G R3 -> G C1]', '[B R2 -> B C2]', '[B C2 -> B L1]', '[R R1 -> R C2]', '[B L1 -> B R1]', '[R C2 -> R R2]', '[G C1 -> G R2]', '[G R2 -> G L1]', '[G L1 -> G R2]', '[G R2 -> G L1]', '[G L1 -> G R2]', '[G R2 -> G C1]', '[G C1 -> G R2]', '[G R2 -> G L1]', '[R R2 -> R C1]', '[B R1 -> B C2]', '[B C2 -> B R1]', '[B R1 -> B C2]', '[B C2 -> B R1]', '[R C1 -> R R2]', '[G L1 -> G R2]', '[G R2 -> G C1]', '[G C1 -> G L1]', '[R R2 -> R C1]', '[R C1 -> R R2]', '[G L1 -> G C1]', '[R R2 -> R C2]', '[R C2 -> R L1]', '[R L1 -> R R2]', '[G C1 -> G R2]', '[G R2 -> G C1]', '[R R2 -> R C2]', '[B R1 -> B L1]', '[R C2 -> R R1]', '[R R1 -> R C2]', '[B L1 -> B R1]', '[R C2 -> R L1]', '[R L1 -> R R2]', '[R R2 -> R L1]', '[R L1 -> R C2]', '[B R1 -> B L1]', '[B L1 -> B R1]', '[R C2 -> R R2]', '[R R2 -> R L1]', '[R L1 -> R R2]', '[R R2 -> R L1]', '[R L1 -> R C2]', '[B R1 -> B L1]', '[B L1 -> B R1]', '[B R1 -> B L1]', '[R C2 -> R R1]', '[B L1 -> B R2]', '[G C1 -> G L1]', '[G L1 -> G C1]', '[B R2 -> B L1]', '[B L1 -> B C2]', '[B C2 -> B R2]', '[G C1 -> G L1]', '[G L1 -> G R3]', '[G R3 -> G C1]', '[B R2 -> B L1]', '[B L1 -> B C2]', '[B C2 -> B R2]', '[G C1 -> G R3]', '[G R3 -> G L1]', '[B R2 -> B C1]', '[G L1 -> G C2]', '[G C2 -> G L1]', '[R R1 -> R C2]', '[R C2 -> R R1]', '[G L1 -> G C2]', '[G C2 -> G R2]', '[B C1 -> B L1]', '[G R2 -> G C1]', '[G C1 -> G R2]', '[B L1 -> B C1]', '[B C1 -> B L1]', '[B L1 -> B R3]', '[B R3 -> B L1]', '[B L1 -> B C1]', '[G R2 -> G L1]', '[G L1 -> G C2]', '[R R1 -> R L1]', '[R L1 -> R R1]', '[R R1 -> R L1]', '[G C2 -> G R1]', '[R L1 -> R C2]', '[R C2 -> R R2]', '[B C1 -> B L1]', '[B L1 -> B R3]', '[B R3 -> B L1]', '[B L1 -> B R3]', '[B R3 -> B C1]', '[R R2 -> R C2]', '[R C2 -> R R2]', '[R R2 -> R C2]', '[G R1 -> G L1]', '[R C2 -> R R1]', '[R R1 -> R C2]', '[R C2 -> R R1]', '[G L1 -> G R2]', '[B C1 -> B R3]', '[B R3 -> B C1]', '[G R2 -> G C2]', '[G C2 -> G L1]', '[G L1 -> G C2]', '[G C2 -> G L1]', '[R R1 -> R C2]', '[G L1 -> G R1]', '[G R1 -> G L1]', '[R C2 -> R R1]', '[B C1 -> B R2]', '[G L1 -> G C1]', '[B R2 -> B L1]', '[G C1 -> G R2]', '[B L1 -> B R3]', '[B R3 -> B L1]', '[B L1 -> B R3]', '[B R3 -> B C1]', '[B C1 -> B L1]', '[G R2 -> G C1]', '[B L1 -> B C2]', '[B C2 -> B R2]', '[B R2 -> B C2]', '[R R1 -> R L1]', '[R L1 -> R R1]', '[R R1 -> R L1]', '[R L1 -> R R1]', '[B C2 -> B L1]', '[G C1 -> G R2]', '[G R2 -> G C1]', '[G C1 -> G R2]', '[B L1 -> B R3]', '[B R3 -> B L1]', '[B L1 -> B C1]', '[B C1 -> B R3]', '[B R3 -> B L1]', '[B L1 -> B C1]', '[B C1 -> B R3]', '[B R3 -> B C1]', '[G R2 -> G C2]', '[R R1 -> R L1]', '[G C2 -> G R1]', '[R L1 -> R R2]', '[R R2 -> R C2]', '[R C2 -> R L1]', '[G R1 -> G C2]', '[R L1 -> R R1]', '[G C2 -> G L1]', '[G L1 -> G C2]', '[R R1 -> R L1]', '[G C2 -> G R1]', '[G R1 -> G C2]', '[R L1 -> R R1]', '[G C2 -> G R2]', '[B C1 -> B L1]', '[G R2 -> G C1]', '[B L1 -> B C2]', '[R R1 -> R L1]', '[R L1 -> R R1]', '[B C2 -> B L1]', '[G C1 -> G R2]', '[G R2 -> G C1]', '[B L1 -> B R2]', '[B R2 -> B L1]', '[R R1 -> R C2]', '[R C2 -> R R1]', '[B L1 -> B C2]', '[B C2 -> B L1]', '[R R1 -> R C2]', '[B L1 -> B R1]', '[B R1 -> B L1]', '[R C2 -> R R1]', '[B L1 -> B R2]', '[G C1 -> G L1]', '[G L1 -> G C1]', '[B R2 -> B C2]', '[B C2 -> B R2]', '[G C1 -> G R3]', '[G R3 -> G C1]', '[G C1 -> G R3]', '[G R3 -> G L1]', '[G L1 -> G R3]', '[G R3 -> G L1]', '[G L1 -> G C1]', '[G C1 -> G L1]', '[G L1 -> G C1]', '[G C1 -> G R3]', '[G R3 -> G L1]', '[G L1 -> G R3]', '[G R3 -> G L1]', '[G L1 -> G R3]', '[G R3 -> G C1]', '[B R2 -> B L1]', '[G C1 -> G R2]', '[G R2 -> G C1]', '[B L1 -> B C2]', '[B C2 -> B L1]', '[B L1 -> B R2]', '[B R2 -> B L1]', '[B L1 -> B R2]', '[G C1 -> G L1]', '[G L1 -> G R3]', '[G R3 -> G L1]', '[G L1 -> G C1]', '[G C1 -> G L1]', '[G L1 -> G C1]', '[G C1 -> G L1]', '[G L1 -> G R3]', '[G R3 -> G L1]', '[G L1 -> G C1]', '[G C1 -> G R3]', '[G R3 -> G L1]', '[B R2 -> B C1]', '[G L1 -> G C2]', '[G C2 -> G L1]', '[R R1 -> R C2]', '[R C2 -> R R1]', '[G L1 -> G C2]', '[G C2 -> G R2]', '[G R2 -> G L1]', '[G L1 -> G C2]', '[G C2 -> G R2]', '[B C1 -> B L1]', '[G R2 -> G C1]', '[B L1 -> B C2]', '[B C2 -> B L1]', '[G C1 -> G R2]', '[G R2 -> G C1]', '[B L1 -> B R2]', '[G C1 -> G R3]', '[G R3 -> G C1]', '[G C1 -> G R3]', '[G R3 -> G C1]', '[B R2 -> B L1]', '[B L1 -> B R2]', '[B R2 -> B C2]', '[B C2 -> B R2]', '[B R2 -> B L1]', '[R R1 -> R C2]', '[B L1 -> B R1]', '[R C2 -> R L1]', '[B R1 -> B C2]', '[R L1 -> R R1]', '[B C2 -> B R2]', '[B R2 -> B C2]', '[B C2 -> B L1]', '[B L1 -> B R2]', '[G C1 -> G L1]', '[B R2 -> B C1]', '[G L1 -> G R2]', '[B C1 -> B L1]', '[B L1 -> B R3]', '[B R3 -> B C1]', '[B C1 -> B L1]', '[G R2 -> G C1]', '[B L1 -> B R2]', '[G C1 -> G L1]', '[B R2 -> B C1]', '[B C1 -> B R2]', '[G L1 -> G C1]', '[B R2 -> B C2]', '[B C2 -> B R2]', '[G C1 -> G R3]', '[G R3 -> G L1]', '[B R2 -> B C1]', '[G L1 -> G R2]', '[B C1 -> B L1]', '[B L1 -> B R3]', '[B R3 -> B L1]', '[G R2 -> G C1]', '[G C1 -> G R2]', '[B L1 -> B R3]', '[B R3 -> B C1]', '[G R2 -> G L1]', '[R R1 -> R C2]', '[R C2 -> R R1]', '[G L1 -> G R2]', '[G R2 -> G C2]', '[G C2 -> G L1]', '[G L1 -> G R2]', '[B C1 -> B R3]', '[B R3 -> B L1]', '[B L1 -> B C1]', '[B C1 -> B L1]', '[B L1 -> B C1]', '[B C1 -> B R3]', '[B R3 -> B C1]', '[G R2 -> G L1]', '[R R1 -> R C2]', '[G L1 -> G R1]', '[R C2 -> R R2]', '[B C1 -> B R3]', '[B R3 -> B C1]', '[B C1 -> B R3]', '[B R3 -> B L1]', '[B L1 -> B R3]', '[B R3 -> B C1]', '[B C1 -> B R3]', '[B R3 -> B C1]', '[R R2 -> R C2]', '[R C2 -> R R2]', '[B C1 -> B R3]', '[B R3 -> B C1]', '[R R2 -> R C2]', '[G R1 -> G L1]', '[G L1 -> G R1]']",0.9414801494009999,0.4,0.5
40,1.25,"[32, 31, 33, 32, 33, 34, 35, 42, 35, 33, 34, 35, 42, 41, 43, 45, 44, 56, 55, 56, 55, 53, 51, 53, 52, 51, 52, 51, 53, 51, 52, 65, 52, 51, 53, 52, 65, 52, 53, 54]","['[G C1 -> G L1]', '[G L1 -> G R2]', '[G R2 -> G C1]', '[G C1 -> G L1]', '[G L1 -> G C1]', '[R R2 -> R C2]', '[R C2 -> R L1]', '[G C1 -> G R2]', '[G R2 -> G C1]', '[R L1 -> R R2]', '[R R2 -> R C2]', '[R C2 -> R L1]', '[G C1 -> G R2]', '[R L1 -> R R3]', '[R R3 -> R C1]', '[G R2 -> G L1]', '[G L1 -> G C2]', '[B R1 -> B L1]', '[G C2 -> G R1]', '[G R1 -> G C2]', '[G C2 -> G R1]', '[B L1 -> B R2]', '[R C1 -> R R3]', '[R R3 -> R C1]', '[R C1 -> R L1]', '[R L1 -> R R3]', '[R R3 -> R L1]', '[R L1 -> R R3]', '[R R3 -> R C1]', '[R C1 -> R R3]', '[R R3 -> R L1]', '[B R2 -> B C1]', '[B C1 -> B R2]', '[R L1 -> R R3]', '[R R3 -> R C1]', '[R C1 -> R L1]', '[B R2 -> B C1]', '[B C1 -> B R2]', '[R L1 -> R C1]', '[B R2 -> B C2]']",0.9320653479069899,0.4,0.5
93,-40.25,"[34, 33, 32, 31, 32, 33, 32, 31, 32, 31, 33, 34, 26, 34, 35, 36, 24, 23, 25, 24, 36, 24, 25, 24, 25, 12, 25, 23, 22, 23, 22, 23, 24, 25, 24, 36, 35, 42, 41, 42, 41, 43, 42, 35, 42, 43, 45, 43, 45, 32, 31, 33, 32, 33, 35, 34, 35, 34, 26, 34, 35, 42, 35, 42, 35, 36, 24, 25, 24, 23, 25, 26, 34, 26, 34, 33, 34, 35, 36, 24, 36, 24, 23, 25, 26, 34, 35, 42, 41, 43, 45, 46, 54]","['[R R2 -> R C2]', '[R C2 -> R R2]', '[G C1 -> G L1]', '[G L1 -> G R2]', '[G R2 -> G L1]', '[G L1 -> G C1]', '[G C1 -> G L1]', '[G L1 -> G R2]', '[G R2 -> G L1]', '[G L1 -> G R2]', '[G R2 -> G C1]', '[R R2 -> R C2]', '[B R1 -> B L1]', '[B L1 -> B R1]', '[R C2 -> R L1]', '[B R1 -> B C2]', '[R L1 -> R R1]', '[B C2 -> B R2]', '[B R2 -> B L1]', '[B L1 -> B C2]', '[R R1 -> R L1]', '[R L1 -> R R1]', '[B C2 -> B L1]', '[B L1 -> B C2]', '[B C2 -> B L1]', '[G C1 -> G R2]', '[G R2 -> G C1]', '[B L1 -> B R2]', '[G C1 -> G L1]', '[G L1 -> G C1]', '[G C1 -> G L1]', '[G L1 -> G C1]', '[B R2 -> B C2]', '[B C2 -> B L1]', '[B L1 -> B C2]', '[R R1 -> R L1]', '[B C2 -> B R1]', '[G C1 -> G R2]', '[R L1 -> R R3]', '[R R3 -> R L1]', '[R L1 -> R R3]', '[R R3 -> R C1]', '[R C1 -> R L1]', '[G R2 -> G C1]', '[G C1 -> G R2]', '[R L1 -> R C1]', '[G R2 -> G L1]', '[G L1 -> G R2]', '[G R2 -> G L1]', '[R C1 -> R R2]', '[G L1 -> G R2]', '[G R2 -> G C1]', '[G C1 -> G L1]', '[G L1 -> G C1]', '[R R2 -> R L1]', '[R L1 -> R C2]', '[R C2 -> R L1]', '[R L1 -> R C2]', '[B R1 -> B L1]', '[B L1 -> B R1]', '[R C2 -> R L1]', '[G C1 -> G R2]', '[G R2 -> G C1]', '[G C1 -> G R2]', '[G R2 -> G C1]', '[B R1 -> B C2]', '[R L1 -> R R1]', '[B C2 -> B L1]', '[B L1 -> B C2]', '[B C2 -> B R2]', '[B R2 -> B L1]', '[R R1 -> R C2]', '[B L1 -> B R1]', '[B R1 -> B L1]', '[B L1 -> B R1]', '[R C2 -> R R2]', '[R R2 -> R C2]', '[R C2 -> R L1]', '[B R1 -> B C2]', '[R L1 -> R R1]', '[R R1 -> R L1]', '[R L1 -> R R1]', '[B C2 -> B R2]', '[B R2 -> B L1]', '[R R1 -> R C2]', '[B L1 -> B R1]', '[R C2 -> R L1]', '[G C1 -> G R2]', '[R L1 -> R R3]', '[R R3 -> R C1]', '[G R2 -> G L1]', '[B R1 -> B C2]', '[G L1 -> G R1]']",0.92274469442792,0.4,0.5
33,0.5,"[34, 33, 35, 33, 32, 33, 31, 32, 33, 32, 31, 33, 35, 42, 43, 42, 35, 42, 43, 42, 41, 42, 41, 43, 45, 32, 33, 35, 33, 32, 45, 46, 54]","['[R R2 -> R C2]', '[R C2 -> R R2]', '[R R2 -> R L1]', '[R L1 -> R R2]', '[G C1 -> G L1]', '[G L1 -> G C1]', '[G C1 -> G R2]', '[G R2 -> G L1]', '[G L1 -> G C1]', '[G C1 -> G L1]', '[G L1 -> G R2]', '[G R2 -> G C1]', '[R R2 -> R L1]', '[G C1 -> G R2]', '[R L1 -> R C1]', '[R C1 -> R L1]', '[G R2 -> G C1]', '[G C1 -> G R2]', '[R L1 -> R C1]', '[R C1 -> R L1]', '[R L1 -> R R3]', '[R R3 -> R L1]', '[R L1 -> R R3]', '[R R3 -> R C1]', '[G R2 -> G L1]', '[R C1 -> R R2]', '[G L1 -> G C1]', '[R R2 -> R L1]', '[R L1 -> R R2]', '[G C1 -> G L1]', '[R R2 -> R C1]', '[B R1 -> B C2]', '[G L1 -> G R1]']",0.9135172474836407,0.4,0.5
42,0.25,"[35, 34, 26, 34, 33, 32, 31, 33, 34, 33, 35, 34, 26, 34, 26, 25, 12, 13, 14, 66, 65, 66, 65, 52, 65, 63, 65, 66, 65, 52, 65, 64, 16, 64, 65, 66, 65, 52, 53, 55, 53, 54]","['[R R2 -> R L1]', '[R L1 -> R C2]', '[B R1 -> B L1]', '[B L1 -> B R1]', '[R C2 -> R R2]', '[G C1 -> G L1]', '[G L1 -> G R2]', '[G R2 -> G C1]', '[R R2 -> R C2]', '[R C2 -> R R2]', '[R R2 -> R L1]', '[R L1 -> R C2]', '[B R1 -> B L1]', '[B L1 -> B R1]', '[B R1 -> B L1]', '[R C2 -> R R1]', '[G C1 -> G R2]', '[B L1 -> B C1]', '[G R2 -> G C2]', '[R R1 -> R L1]', '[G C2 -> G R1]', '[G R1 -> G C2]', '[G C2 -> G R1]', '[B C1 -> B R2]', '[B R2 -> B C1]', '[R L1 -> R R2]', '[R R2 -> R L1]', '[G R1 -> G C2]', '[G C2 -> G R1]', '[B C1 -> B R2]', '[B R2 -> B C1]', '[R L1 -> R C2]', '[G R1 -> G L1]', '[G L1 -> G R1]', '[R C2 -> R L1]', '[G R1 -> G C2]', '[G C2 -> G R1]', '[B C1 -> B R2]', '[R L1 -> R C1]', '[B R2 -> B L1]', '[B L1 -> B R2]', '[B R2 -> B C2]']",0.9043820750088043,0.4,0.5
123,-69.25,"[34, 26, 34, 35, 42, 35, 33, 32, 33, 35, 42, 35, 36, 24, 23, 25, 24, 23, 22, 21, 22, 23, 25, 26, 25, 12, 25, 23, 21, 23, 24, 23, 25, 26, 25, 23, 22, 15, 22, 21, 23, 22, 15, 22, 15, 22, 21, 23, 25, 26, 25, 26, 25, 12, 13, 11, 12, 25, 24, 23, 22, 15, 14, 15, 16, 15, 22, 21, 23, 24, 23, 24, 36, 24, 25, 12, 25, 12, 25, 12, 25, 24, 23, 25, 24, 25, 12, 11, 13, 12, 25, 12, 25, 12, 11, 12, 13, 14, 15, 13, 14, 13, 14, 66, 14, 13, 11, 12, 13, 14, 66, 14, 66, 65, 63, 61, 62, 61, 62, 63, 62, 55, 54]","['[R R2 -> R C2]', '[B R1 -> B L1]', '[B L1 -> B R1]', '[R C2 -> R L1]', '[G C1 -> G R2]', '[G R2 -> G C1]', '[R L1 -> R R2]', '[G C1 -> G L1]', '[G L1 -> G C1]', '[R R2 -> R L1]', '[G C1 -> G R2]', '[G R2 -> G C1]', '[B R1 -> B C2]', '[R L1 -> R R1]', '[B C2 -> B R2]', '[B R2 -> B L1]', '[B L1 -> B C2]', '[B C2 -> B R2]', '[G C1 -> G L1]', '[G L1 -> G R3]', '[G R3 -> G L1]', '[G L1 -> G C1]', '[B R2 -> B L1]', '[R R1 -> R C2]', '[R C2 -> R R1]', '[G C1 -> G R2]', '[G R2 -> G C1]', '[B L1 -> B R2]', '[G C1 -> G R3]', '[G R3 -> G C1]', '[B R2 -> B C2]', '[B C2 -> B R2]', '[B R2 -> B L1]', '[R R1 -> R C2]', '[R C2 -> R R1]', '[B L1 -> B R2]', '[G C1 -> G L1]', '[B R2 -> B C1]', '[B C1 -> B R2]', '[G L1 -> G R3]', '[G R3 -> G C1]', '[G C1 -> G L1]', '[B R2 -> B C1]', '[B C1 -> B R2]', '[B R2 -> B C1]', '[B C1 -> B R2]', '[G L1 -> G R3]', '[G R3 -> G C1]', '[B R2 -> B L1]', '[R R1 -> R C2]', '[R C2 -> R R1]', '[R R1 -> R C2]', '[R C2 -> R R1]', '[G C1 -> G R2]', '[B L1 -> B C1]', '[B C1 -> B R3]', '[B R3 -> B L1]', '[G R2 -> G C1]', '[B L1 -> B C2]', '[B C2 -> B R2]', '[G C1 -> G L1]', '[B R2 -> B C1]', '[G L1 -> G C2]', '[G C2 -> G L1]', '[R R1 -> R C2]', '[R C2 -> R R1]', '[B C1 -> B R2]', '[G L1 -> G R3]', '[G R3 -> G C1]', '[B R2 -> B C2]', '[B C2 -> B R2]', '[B R2 -> B C2]', '[R R1 -> R L1]', '[R L1 -> R R1]', '[B C2 -> B L1]', '[G C1 -> G R2]', '[G R2 -> G C1]', '[G C1 -> G R2]', '[G R2 -> G C1]', '[G C1 -> G R2]', '[G R2 -> G C1]', '[B L1 -> B C2]', '[B C2 -> B R2]', '[B R2 -> B L1]', '[B L1 -> B C2]', '[B C2 -> B L1]', '[G C1 -> G R2]', '[B L1 -> B R3]', '[B R3 -> B C1]', '[B C1 -> B L1]', '[G R2 -> G C1]', '[G C1 -> G R2]', '[G R2 -> G C1]', '[G C1 -> G R2]', '[B L1 -> B R3]', '[B R3 -> B L1]', '[B L1 -> B C1]', '[G R2 -> G C2]', '[G C2 -> G L1]', '[G L1 -> G R2]', '[G R2 -> G C2]', '[G C2 -> G R2]', '[G R2 -> G C2]', '[R R1 -> R L1]', '[R L1 -> R R1]', '[G C2 -> G R2]', '[B C1 -> B R3]', '[B R3 -> B L1]', '[B L1 -> B C1]', '[G R2 -> G C2]', '[R R1 -> R L1]', '[R L1 -> R R1]', '[R R1 -> R L1]', '[G C2 -> G R1]', '[R L1 -> R R2]', '[B C1 -> B R3]', '[B R3 -> B L1]', '[B L1 -> B R3]', '[B R3 -> B L1]', '[B L1 -> B C1]', '[B C1 -> B L1]', '[R R2 -> R C1]', '[B L1 -> B C2]']",0.8953382542587163,0.4,0.5
16,1.25,"[34, 33, 35, 34, 33, 32, 33, 31, 32, 31, 32, 45, 44, 45, 46, 54]","['[R R2 -> R C2]', '[R C2 -> R R2]', '[R R2 -> R L1]', '[R L1 -> R C2]', '[R C2 -> R R2]', '[G C1 -> G L1]', '[G L1 -> G C1]', '[G C1 -> G R2]', '[G R2 -> G L1]', '[G L1 -> G R2]', '[G R2 -> G L1]', '[R R2 -> R C1]', '[G L1 -> G C2]', '[G C2 -> G L1]', '[B R1 -> B C2]', '[G L1 -> G R1]']",0.8863848717161291,0.4,0.5
6,1.25,"[32, 45, 44, 45, 46, 54]","['[G C1 -> G L1]', '[R R2 -> R C1]', '[G L1 -> G C2]', '[G C2 -> G L1]', '[B R1 -> B C2]', '[G L1 -> G R1]']",0.8775210229989678,0.4,0.5
78,-25.0,"[34, 35, 34, 26, 34, 33, 34, 26, 25, 24, 23, 24, 25, 26, 25, 24, 23, 22, 23, 24, 36, 24, 25, 26, 25, 26, 25, 26, 25, 26, 25, 23, 21, 23, 21, 23, 22, 21, 22, 15, 16, 64, 16, 64, 16, 64, 65, 64, 63, 64, 16, 15, 16, 64, 65, 66, 65, 66, 14, 15, 16, 64, 16, 15, 16, 15, 16, 64, 65, 63, 65, 52, 51, 52, 53, 55, 53, 54]","['[R R2 -> R C2]', '[R C2 -> R L1]', '[R L1 -> R C2]', '[B R1 -> B L1]', '[B L1 -> B R1]', '[R C2 -> R R2]', '[R R2 -> R C2]', '[B R1 -> B L1]', '[R C2 -> R R1]', '[B L1 -> B C2]', '[B C2 -> B R2]', '[B R2 -> B C2]', '[B C2 -> B L1]', '[R R1 -> R C2]', '[R C2 -> R R1]', '[B L1 -> B C2]', '[B C2 -> B R2]', '[G C1 -> G L1]', '[G L1 -> G C1]', '[B R2 -> B C2]', '[R R1 -> R L1]', '[R L1 -> R R1]', '[B C2 -> B L1]', '[R R1 -> R C2]', '[R C2 -> R R1]', '[R R1 -> R C2]', '[R C2 -> R R1]', '[R R1 -> R C2]', '[R C2 -> R R1]', '[R R1 -> R C2]', '[R C2 -> R R1]', '[B L1 -> B R2]', '[G C1 -> G R3]', '[G R3 -> G C1]', '[G C1 -> G R3]', '[G R3 -> G C1]', '[G C1 -> G L1]', '[G L1 -> G R3]', '[G R3 -> G L1]', '[B R2 -> B C1]', '[R R1 -> R C2]', '[G L1 -> G R1]', '[G R1 -> G L1]', '[G L1 -> G R1]', '[G R1 -> G L1]', '[G L1 -> G R1]', '[R C2 -> R L1]', '[R L1 -> R C2]', '[R C2 -> R R2]', '[R R2 -> R C2]', '[G R1 -> G L1]', '[R C2 -> R R1]', '[R R1 -> R C2]', '[G L1 -> G R1]', '[R C2 -> R L1]', '[G R1 -> G C2]', '[G C2 -> G R1]', '[G R1 -> G C2]', '[R L1 -> R R1]', '[G C2 -> G L1]', '[R R1 -> R C2]', '[G L1 -> G R1]', '[G R1 -> G L1]', '[R C2 -> R R1]', '[R R1 -> R C2]', '[R C2 -> R R1]', '[R R1 -> R C2]', '[G L1 -> G R1]', '[R C2 -> R L1]', '[R L1 -> R R2]', '[R R2 -> R L1]', '[B C1 -> B R2]', '[R L1 -> R R3]', '[R R3 -> R L1]', '[R L1 -> R C1]', '[B R2 -> B L1]', '[B L1 -> B R2]', '[B R2 -> B C2]']",0.8687458127689781,0.4,0.5
25,0.5,"[35, 36, 24, 36, 24, 25, 26, 25, 26, 25, 24, 25, 26, 34, 26, 34, 33, 32, 45, 32, 45, 43, 45, 46, 54]","['[R R2 -> R L1]', '[B R1 -> B C2]', '[R L1 -> R R1]', '[R R1 -> R L1]', '[R L1 -> R R1]', '[B C2 -> B L1]', '[R R1 -> R C2]', '[R C2 -> R R1]', '[R R1 -> R C2]', '[R C2 -> R R1]', '[B L1 -> B C2]', '[B C2 -> B L1]', '[R R1 -> R C2]', '[B L1 -> B R1]', '[B R1 -> B L1]', '[B L1 -> B R1]', '[R C2 -> R R2]', '[G C1 -> G L1]', '[R R2 -> R C1]', '[R C1 -> R R2]', '[R R2 -> R C1]', '[G L1 -> G R2]', '[G R2 -> G L1]', '[B R1 -> B C2]', '[G L1 -> G R1]']",0.8600583546412883,0.4,0.5
142,-87.75,"[34, 33, 34, 26, 25, 12, 11, 13, 12, 11, 12, 11, 12, 11, 12, 13, 11, 13, 12, 11, 12, 11, 13, 11, 12, 11, 12, 11, 13, 12, 13, 15, 14, 66, 65, 64, 16, 15, 22, 15, 16, 15, 14, 13, 14, 15, 13, 12, 11, 13, 11, 13, 15, 13, 11, 13, 15, 22, 15, 16, 15, 16, 64, 65, 63, 62, 55, 62, 55, 56, 55, 53, 52, 65, 66, 14, 15, 22, 15, 13, 14, 15, 14, 13, 12, 25, 23, 21, 22, 15, 14, 66, 14, 13, 11, 12, 13, 14, 15, 22, 21, 22, 23, 25, 12, 25, 24, 25, 24, 25, 12, 11, 13, 12, 11, 12, 11, 13, 11, 13, 11, 12, 11, 13, 15, 13, 14, 66, 14, 15, 13, 14, 66, 65, 52, 53, 51, 53, 51, 52, 53, 54]","['[R R2 -> R C2]', '[R C2 -> R R2]', '[R R2 -> R C2]', '[B R1 -> B L1]', '[R C2 -> R R1]', '[G C1 -> G R2]', '[B L1 -> B R3]', '[B R3 -> B C1]', '[B C1 -> B L1]', '[B L1 -> B R3]', '[B R3 -> B L1]', '[B L1 -> B R3]', '[B R3 -> B L1]', '[B L1 -> B R3]', '[B R3 -> B L1]', '[B L1 -> B C1]', '[B C1 -> B R3]', '[B R3 -> B C1]', '[B C1 -> B L1]', '[B L1 -> B R3]', '[B R3 -> B L1]', '[B L1 -> B R3]', '[B R3 -> B C1]', '[B C1 -> B R3]', '[B R3 -> B L1]', '[B L1 -> B R3]', '[B R3 -> B L1]', '[B L1 -> B R3]', '[B R3 -> B C1]', '[B C1 -> B L1]', '[B L1 -> B C1]', '[G R2 -> G L1]', '[G L1 -> G C2]', '[R R1 -> R L1]', '[G C2 -> G R1]', '[R L1 -> R C2]', '[G R1 -> G L1]', '[R C2 -> R R1]', '[B C1 -> B R2]', '[B R2 -> B C1]', '[R R1 -> R C2]', '[R C2 -> R R1]', '[G L1 -> G C2]', '[G C2 -> G R2]', '[G R2 -> G C2]', '[G C2 -> G L1]', '[G L1 -> G R2]', '[B C1 -> B L1]', '[B L1 -> B R3]', '[B R3 -> B C1]', '[B C1 -> B R3]', '[B R3 -> B C1]', '[G R2 -> G L1]', '[G L1 -> G R2]', '[B C1 -> B R3]', '[B R3 -> B C1]', '[G R2 -> G L1]', '[B C1 -> B R2]', '[B R2 -> B C1]', '[R R1 -> R C2]', '[R C2 -> R R1]', '[R R1 -> R C2]', '[G L1 -> G R1]', '[R C2 -> R L1]', '[R L1 -> R R2]', '[B C1 -> B L1]', '[R R2 -> R C1]', '[R C1 -> R R2]', '[R R2 -> R C1]', '[G R1 -> G C2]', '[G C2 -> G R1]', '[B L1 -> B R2]', '[R C1 -> R L1]', '[B R2 -> B C1]', '[G R1 -> G C2]', '[R L1 -> R R1]', '[G C2 -> G L1]', '[B C1 -> B R2]', '[B R2 -> B C1]', '[G L1 -> G R2]', '[G R2 -> G C2]', '[G C2 -> G L1]', '[G L1 -> G C2]', '[G C2 -> G R2]', '[B C1 -> B L1]', '[G R2 -> G C1]', '[B L1 -> B R2]', '[G C1 -> G R3]', '[G R3 -> G L1]', '[B R2 -> B C1]', '[G L1 -> G C2]', '[R R1 -> R L1]', '[R L1 -> R R1]', '[G C2 -> G R2]', '[B C1 -> B R3]', '[B R3 -> B L1]', '[B L1 -> B C1]', '[G R2 -> G C2]', '[G C2 -> G L1]', '[B C1 -> B R2]', '[G L1 -> G R3]', '[G R3 -> G L1]', '[G L1 -> G C1]', '[B R2 -> B L1]', '[G C1 -> G R2]', '[G R2 -> G C1]', '[B L1 -> B C2]', '[B C2 -> B L1]', '[B L1 -> B C2]', '[B C2 -> B L1]', '[G C1 -> G R2]', '[B L1 -> B R3]', '[B R3 -> B C1]', '[B C1 -> B L1]', '[B L1 -> B R3]', '[B R3 -> B L1]', '[B L1 -> B R3]', '[B R3 -> B C1]', '[B C1 -> B R3]', '[B R3 -> B C1]', '[B C1 -> B R3]', '[B R3 -> B L1]', '[B L1 -> B R3]', '[B R3 -> B C1]', '[G R2 -> G L1]', '[G L1 -> G R2]', '[G R2 -> G C2]', '[R R1 -> R L1]', '[R L1 -> R R1]', '[G C2 -> G L1]', '[G L1 -> G R2]', '[G R2 -> G C2]', '[R R1 -> R L1]', '[G C2 -> G R1]', '[B C1 -> B R2]', '[R L1 -> R C1]', '[R C1 -> R R3]', '[R R3 -> R C1]', '[R C1 -> R R3]', '[R R3 -> R L1]', '[R L1 -> R C1]', '[B R2 -> B C2]']",0.8514577710948754,0.4,0.5
79,-25.0,"[34, 35, 34, 26, 25, 12, 25, 12, 25, 12, 25, 24, 23, 21, 22, 21, 23, 22, 21, 23, 22, 21, 23, 21, 22, 15, 22, 21, 22, 15, 22, 15, 22, 15, 22, 15, 13, 15, 22, 21, 23, 21, 23, 24, 36, 24, 25, 12, 13, 11, 13, 14, 13, 12, 25, 26, 34, 35, 33, 35, 33, 32, 31, 33, 35, 34, 33, 32, 45, 43, 42, 41, 42, 35, 42, 43, 45, 46, 54]","['[R R2 -> R C2]', '[R C2 -> R L1]', '[R L1 -> R C2]', '[B R1 -> B L1]', '[R C2 -> R R1]', '[G C1 -> G R2]', '[G R2 -> G C1]', '[G C1 -> G R2]', '[G R2 -> G C1]', '[G C1 -> G R2]', '[G R2 -> G C1]', '[B L1 -> B C2]', '[B C2 -> B R2]', '[G C1 -> G R3]', '[G R3 -> G L1]', '[G L1 -> G R3]', '[G R3 -> G C1]', '[G C1 -> G L1]', '[G L1 -> G R3]', '[G R3 -> G C1]', '[G C1 -> G L1]', '[G L1 -> G R3]', '[G R3 -> G C1]', '[G C1 -> G R3]', '[G R3 -> G L1]', '[B R2 -> B C1]', '[B C1 -> B R2]', '[G L1 -> G R3]', '[G R3 -> G L1]', '[B R2 -> B C1]', '[B C1 -> B R2]', '[B R2 -> B C1]', '[B C1 -> B R2]', '[B R2 -> B C1]', '[B C1 -> B R2]', '[B R2 -> B C1]', '[G L1 -> G R2]', '[G R2 -> G L1]', '[B C1 -> B R2]', '[G L1 -> G R3]', '[G R3 -> G C1]', '[G C1 -> G R3]', '[G R3 -> G C1]', '[B R2 -> B C2]', '[R R1 -> R L1]', '[R L1 -> R R1]', '[B C2 -> B L1]', '[G C1 -> G R2]', '[B L1 -> B C1]', '[B C1 -> B R3]', '[B R3 -> B C1]', '[G R2 -> G C2]', '[G C2 -> G R2]', '[B C1 -> B L1]', '[G R2 -> G C1]', '[R R1 -> R C2]', '[B L1 -> B R1]', '[R C2 -> R L1]', '[R L1 -> R R2]', '[R R2 -> R L1]', '[R L1 -> R R2]', '[G C1 -> G L1]', '[G L1 -> G R2]', '[G R2 -> G C1]', '[R R2 -> R L1]', '[R L1 -> R C2]', '[R C2 -> R R2]', '[G C1 -> G L1]', '[R R2 -> R C1]', '[G L1 -> G R2]', '[R C1 -> R L1]', '[R L1 -> R R3]', '[R R3 -> R L1]', '[G R2 -> G C1]', '[G C1 -> G R2]', '[R L1 -> R C1]', '[G R2 -> G L1]', '[B R1 -> B C2]', '[G L1 -> G R1]']",0.8429431933839266,0.4,0.5
55,0.5,"[32, 31, 33, 35, 42, 35, 34, 26, 34, 35, 34, 35, 36, 24, 23, 24, 25, 26, 25, 24, 36, 24, 23, 21, 22, 21, 23, 22, 23, 22, 15, 22, 15, 13, 14, 66, 14, 66, 14, 13, 14, 66, 14, 66, 65, 64, 65, 52, 53, 52, 53, 52, 53, 55, 54]","['[G C1 -> G L1]', '[G L1 -> G R2]', '[G R2 -> G C1]', '[R R2 -> R L1]', '[G C1 -> G R2]', '[G R2 -> G C1]', '[R L1 -> R C2]', '[B R1 -> B L1]', '[B L1 -> B R1]', '[R C2 -> R L1]', '[R L1 -> R C2]', '[R C2 -> R L1]', '[B R1 -> B C2]', '[R L1 -> R R1]', '[B C2 -> B R2]', '[B R2 -> B C2]', '[B C2 -> B L1]', '[R R1 -> R C2]', '[R C2 -> R R1]', '[B L1 -> B C2]', '[R R1 -> R L1]', '[R L1 -> R R1]', '[B C2 -> B R2]', '[G C1 -> G R3]', '[G R3 -> G L1]', '[G L1 -> G R3]', '[G R3 -> G C1]', '[G C1 -> G L1]', '[G L1 -> G C1]', '[G C1 -> G L1]', '[B R2 -> B C1]', '[B C1 -> B R2]', '[B R2 -> B C1]', '[G L1 -> G R2]', '[G R2 -> G C2]', '[R R1 -> R L1]', '[R L1 -> R R1]', '[R R1 -> R L1]', '[R L1 -> R R1]', '[G C2 -> G R2]', '[G R2 -> G C2]', '[R R1 -> R L1]', '[R L1 -> R R1]', '[R R1 -> R L1]', '[G C2 -> G R1]', '[R L1 -> R C2]', '[R C2 -> R L1]', '[B C1 -> B R2]', '[R L1 -> R C1]', '[R C1 -> R L1]', '[R L1 -> R C1]', '[R C1 -> R L1]', '[R L1 -> R C1]', '[B R2 -> B L1]', '[B L1 -> B C2]']",0.8345137614500874,0.4,0.5
45,1.25,"[35, 34, 26, 25, 26, 25, 23, 21, 23, 21, 22, 21, 22, 21, 23, 22, 15, 14, 15, 16, 64, 65, 52, 65, 63, 64, 65, 63, 64, 65, 52, 65, 63, 65, 63, 64, 65, 52, 65, 52, 51, 53, 55, 53, 54]","['[R R2 -> R L1]', '[R L1 -> R C2]', '[B R1 -> B L1]', '[R C2 -> R R1]', '[R R1 -> R C2]', '[R C2 -> R R1]', '[B L1 -> B R2]', '[G C1 -> G R3]', '[G R3 -> G C1]', '[G C1 -> G R3]', '[G R3 -> G L1]', '[G L1 -> G R3]', '[G R3 -> G L1]', '[G L1 -> G R3]', '[G R3 -> G C1]', '[G C1 -> G L1]', '[B R2 -> B C1]', '[G L1 -> G C2]', '[G C2 -> G L1]', '[R R1 -> R C2]', '[G L1 -> G R1]', '[R C2 -> R L1]', '[B C1 -> B R2]', '[B R2 -> B C1]', '[R L1 -> R R2]', '[R R2 -> R C2]', '[R C2 -> R L1]', '[R L1 -> R R2]', '[R R2 -> R C2]', '[R C2 -> R L1]', '[B C1 -> B R2]', '[B R2 -> B C1]', '[R L1 -> R R2]', '[R R2 -> R L1]', '[R L1 -> R R2]', '[R R2 -> R C2]', '[R C2 -> R L1]', '[B C1 -> B R2]', '[B R2 -> B C1]', '[B C1 -> B R2]', '[R L1 -> R R3]', '[R R3 -> R C1]', '[B R2 -> B L1]', '[B L1 -> B R2]', '[B R2 -> B C2]']",0.8261686238355865,0.4,0.5
91,-37.75,"[34, 26, 34, 35, 42, 35, 34, 26, 34, 26, 34, 26, 34, 35, 34, 33, 31, 33, 31, 32, 33, 31, 33, 35, 42, 35, 36, 24, 25, 24, 36, 24, 25, 24, 23, 21, 22, 21, 22, 23, 21, 22, 23, 21, 23, 25, 12, 25, 24, 23, 24, 23, 22, 15, 14, 66, 65, 63, 65, 63, 64, 65, 52, 51, 52, 65, 52, 65, 64, 16, 64, 63, 64, 65, 63, 64, 63, 61, 63, 65, 63, 65, 63, 61, 62, 61, 62, 61, 62, 55, 54]","['[R R2 -> R C2]', '[B R1 -> B L1]', '[B L1 -> B R1]', '[R C2 -> R L1]', '[G C1 -> G R2]', '[G R2 -> G C1]', '[R L1 -> R C2]', '[B R1 -> B L1]', '[B L1 -> B R1]', '[B R1 -> B L1]', '[B L1 -> B R1]', '[B R1 -> B L1]', '[B L1 -> B R1]', '[R C2 -> R L1]', '[R L1 -> R C2]', '[R C2 -> R R2]', '[G C1 -> G R2]', '[G R2 -> G C1]', '[G C1 -> G R2]', '[G R2 -> G L1]', '[G L1 -> G C1]', '[G C1 -> G R2]', '[G R2 -> G C1]', '[R R2 -> R L1]', '[G C1 -> G R2]', '[G R2 -> G C1]', '[B R1 -> B C2]', '[R L1 -> R R1]', '[B C2 -> B L1]', '[B L1 -> B C2]', '[R R1 -> R L1]', '[R L1 -> R R1]', '[B C2 -> B L1]', '[B L1 -> B C2]', '[B C2 -> B R2]', '[G C1 -> G R3]', '[G R3 -> G L1]', '[G L1 -> G R3]', '[G R3 -> G L1]', '[G L1 -> G C1]', '[G C1 -> G R3]', '[G R3 -> G L1]', '[G L1 -> G C1]', '[G C1 -> G R3]', '[G R3 -> G C1]', '[B R2 -> B L1]', '[G C1 -> G R2]', '[G R2 -> G C1]', '[B L1 -> B C2]', '[B C2 -> B R2]', '[B R2 -> B C2]', '[B C2 -> B R2]', '[G C1 -> G L1]', '[B R2 -> B C1]', '[G L1 -> G C2]', '[R R1 -> R L1]', '[G C2 -> G R1]', '[R L1 -> R R2]', '[R R2 -> R L1]', '[R L1 -> R R2]', '[R R2 -> R C2]', '[R C2 -> R L1]', '[B C1 -> B R2]', '[R L1 -> R R3]', '[R R3 -> R L1]', '[B R2 -> B C1]', '[B C1 -> B R2]', '[B R2 -> B C1]', '[R L1 -> R C2]', '[G R1 -> G L1]', '[G L1 -> G R1]', '[R C2 -> R R2]', '[R R2 -> R C2]', '[R C2 -> R L1]', '[R L1 -> R R2]', '[R R2 -> R C2]', '[R C2 -> R R2]', '[B C1 -> B R3]', '[B R3 -> B C1]', '[R R2 -> R L1]', '[R L1 -> R R2]', '[R R2 -> R L1]', '[R L1 -> R R2]', '[B C1 -> B R3]', '[B R3 -> B L1]', '[B L1 -> B R3]', '[B R3 -> B L1]', '[B L1 -> B R3]', '[B R3 -> B L1]', '[R R2 -> R C1]', '[B L1 -> B C2]']",0.8179069375972307,0.4,0.5
71,-17.25,"[31, 32, 33, 32, 33, 31, 32, 31, 32, 33, 31, 32, 31, 33, 31, 33, 35, 36, 35, 33, 31, 33, 31, 33, 31, 33, 32, 31, 32, 33, 35, 33, 35, 33, 31, 32, 31, 33, 35, 42, 35, 42, 43, 44, 43, 42, 43, 45, 32, 31, 33, 34, 35, 34, 26, 34, 26, 34, 35, 42, 35, 42, 43, 44, 56, 44, 45, 43, 45, 46, 54]","['[G C1 -> G R2]', '[G R2 -> G L1]', '[G L1 -> G C1]', '[G C1 -> G L1]', '[G L1 -> G C1]', '[G C1 -> G R2]', '[G R2 -> G L1]', '[G L1 -> G R2]', '[G R2 -> G L1]', '[G L1 -> G C1]', '[G C1 -> G R2]', '[G R2 -> G L1]', '[G L1 -> G R2]', '[G R2 -> G C1]', '[G C1 -> G R2]', '[G R2 -> G C1]', '[R R2 -> R L1]', '[B R1 -> B C2]', '[B C2 -> B R1]', '[R L1 -> R R2]', '[G C1 -> G R2]', '[G R2 -> G C1]', '[G C1 -> G R2]', '[G R2 -> G C1]', '[G C1 -> G R2]', '[G R2 -> G C1]', '[G C1 -> G L1]', '[G L1 -> G R2]', '[G R2 -> G L1]', '[G L1 -> G C1]', '[R R2 -> R L1]', '[R L1 -> R R2]', '[R R2 -> R L1]', '[R L1 -> R R2]', '[G C1 -> G R2]', '[G R2 -> G L1]', '[G L1 -> G R2]', '[G R2 -> G C1]', '[R R2 -> R L1]', '[G C1 -> G R2]', '[G R2 -> G C1]', '[G C1 -> G R2]', '[R L1 -> R C1]', '[G R2 -> G C2]', '[G C2 -> G R2]', '[R C1 -> R L1]', '[R L1 -> R C1]', '[G R2 -> G L1]', '[R C1 -> R R2]', '[G L1 -> G R2]', '[G R2 -> G C1]', '[R R2 -> R C2]', '[R C2 -> R L1]', '[R L1 -> R C2]', '[B R1 -> B L1]', '[B L1 -> B R1]', '[B R1 -> B L1]', '[B L1 -> B R1]', '[R C2 -> R L1]', '[G C1 -> G R2]', '[G R2 -> G C1]', '[G C1 -> G R2]', '[R L1 -> R C1]', '[G R2 -> G C2]', '[B R1 -> B L1]', '[B L1 -> B R1]', '[G C2 -> G L1]', '[G L1 -> G R2]', '[G R2 -> G L1]', '[B R1 -> B C2]', '[G L1 -> G R1]']",0.8097278682212583,0.4,0.5
35,0.75,"[32, 31, 33, 34, 33, 31, 33, 35, 34, 33, 32, 33, 35, 36, 24, 36, 24, 25, 23, 24, 36, 35, 33, 34, 33, 34, 35, 34, 26, 34, 33, 32, 45, 46, 54]","['[G C1 -> G L1]', '[G L1 -> G R2]', '[G R2 -> G C1]', '[R R2 -> R C2]', '[R C2 -> R R2]', '[G C1 -> G R2]', '[G R2 -> G C1]', '[R R2 -> R L1]', '[R L1 -> R C2]', '[R C2 -> R R2]', '[G C1 -> G L1]', '[G L1 -> G C1]', '[R R2 -> R L1]', '[B R1 -> B C2]', '[R L1 -> R R1]', '[R R1 -> R L1]', '[R L1 -> R R1]', '[B C2 -> B L1]', '[B L1 -> B R2]', '[B R2 -> B C2]', '[R R1 -> R L1]', '[B C2 -> B R1]', '[R L1 -> R R2]', '[R R2 -> R C2]', '[R C2 -> R R2]', '[R R2 -> R C2]', '[R C2 -> R L1]', '[R L1 -> R C2]', '[B R1 -> B L1]', '[B L1 -> B R1]', '[R C2 -> R R2]', '[G C1 -> G L1]', '[R R2 -> R C1]', '[B R1 -> B C2]', '[G L1 -> G R1]']",0.8016305895390458,0.4,0.5
46,0.25,"[35, 36, 35, 36, 35, 34, 33, 31, 33, 32, 31, 33, 31, 32, 31, 32, 33, 31, 33, 31, 33, 31, 32, 33, 35, 36, 24, 36, 35, 42, 43, 41, 42, 43, 44, 56, 55, 53, 51, 53, 51, 53, 52, 51, 53, 54]","['[R R2 -> R L1]', '[B R1 -> B C2]', '[B C2 -> B R1]', '[B R1 -> B C2]', '[B C2 -> B R1]', '[R L1 -> R C2]', '[R C2 -> R R2]', '[G C1 -> G R2]', '[G R2 -> G C1]', '[G C1 -> G L1]', '[G L1 -> G R2]', '[G R2 -> G C1]', '[G C1 -> G R2]', '[G R2 -> G L1]', '[G L1 -> G R2]', '[G R2 -> G L1]', '[G L1 -> G C1]', '[G C1 -> G R2]', '[G R2 -> G C1]', '[G C1 -> G R2]', '[G R2 -> G C1]', '[G C1 -> G R2]', '[G R2 -> G L1]', '[G L1 -> G C1]', '[R R2 -> R L1]', '[B R1 -> B C2]', '[R L1 -> R R1]', '[R R1 -> R L1]', '[B C2 -> B R1]', '[G C1 -> G R2]', '[R L1 -> R C1]', '[R C1 -> R R3]', '[R R3 -> R L1]', '[R L1 -> R C1]', '[G R2 -> G C2]', '[B R1 -> B L1]', '[G C2 -> G R1]', '[B L1 -> B R2]', '[R C1 -> R R3]', '[R R3 -> R C1]', '[R C1 -> R R3]', '[R R3 -> R C1]', '[R C1 -> R L1]', '[R L1 -> R R3]', '[R R3 -> R C1]', '[B R2 -> B C2]']",0.7936142836436553,0.4,0.5
87,-33.5,"[35, 33, 31, 33, 34, 35, 33, 31, 33, 34, 33, 32, 31, 33, 32, 31, 32, 33, 31, 33, 34, 33, 32, 31, 33, 31, 33, 35, 34, 33, 34, 35, 33, 32, 33, 32, 33, 32, 45, 44, 43, 42, 35, 36, 35, 33, 32, 45, 44, 43, 42, 43, 41, 42, 35, 42, 35, 36, 24, 25, 26, 34, 35, 36, 35, 34, 26, 25, 24, 36, 24, 23, 25, 24, 36, 35, 36, 35, 33, 31, 33, 32, 45, 46, 45, 46, 54]","['[R R2 -> R L1]', '[R L1 -> R R2]', '[G C1 -> G R2]', '[G R2 -> G C1]', '[R R2 -> R C2]', '[R C2 -> R L1]', '[R L1 -> R R2]', '[G C1 -> G R2]', '[G R2 -> G C1]', '[R R2 -> R C2]', '[R C2 -> R R2]', '[G C1 -> G L1]', '[G L1 -> G R2]', '[G R2 -> G C1]', '[G C1 -> G L1]', '[G L1 -> G R2]', '[G R2 -> G L1]', '[G L1 -> G C1]', '[G C1 -> G R2]', '[G R2 -> G C1]', '[R R2 -> R C2]', '[R C2 -> R R2]', '[G C1 -> G L1]', '[G L1 -> G R2]', '[G R2 -> G C1]', '[G C1 -> G R2]', '[G R2 -> G C1]', '[R R2 -> R L1]', '[R L1 -> R C2]', '[R C2 -> R R2]', '[R R2 -> R C2]', '[R C2 -> R L1]', '[R L1 -> R R2]', '[G C1 -> G L1]', '[G L1 -> G C1]', '[G C1 -> G L1]', '[G L1 -> G C1]', '[G C1 -> G L1]', '[R R2 -> R C1]', '[G L1 -> G C2]', '[G C2 -> G R2]', '[R C1 -> R L1]', '[G R2 -> G C1]', '[B R1 -> B C2]', '[B C2 -> B R1]', '[R L1 -> R R2]', '[G C1 -> G L1]', '[R R2 -> R C1]', '[G L1 -> G C2]', '[G C2 -> G R2]', '[R C1 -> R L1]', '[R L1 -> R C1]', '[R C1 -> R R3]', '[R R3 -> R L1]', '[G R2 -> G C1]', '[G C1 -> G R2]', '[G R2 -> G C1]', '[B R1 -> B C2]', '[R L1 -> R R1]', '[B C2 -> B L1]', '[R R1 -> R C2]', '[B L1 -> B R1]', '[R C2 -> R L1]', '[B R1 -> B C2]', '[B C2 -> B R1]', '[R L1 -> R C2]', '[B R1 -> B L1]', '[R C2 -> R R1]', '[B L1 -> B C2]', '[R R1 -> R L1]', '[R L1 -> R R1]', '[B C2 -> B R2]', '[B R2 -> B L1]', '[B L1 -> B C2]', '[R R1 -> R L1]', '[B C2 -> B R1]', '[B R1 -> B C2]', '[B C2 -> B R1]', '[R L1 -> R R2]', '[G C1 -> G R2]', '[G R2 -> G C1]', '[G C1 -> G L1]', '[R R2 -> R C1]', '[B R1 -> B C2]', '[B C2 -> B R1]', '[B R1 -> B C2]', '[G L1 -> G R1]']",0.7856781408072188,0.4,0.5
37,-0.25,"[31, 32, 33, 31, 32, 33, 32, 45, 43, 41, 43, 44, 56, 44, 45, 44, 56, 44, 43, 42, 41, 43, 41, 43, 44, 43, 42, 43, 41, 43, 45, 32, 31, 32, 45, 46, 54]","['[G C1 -> G R2]', '[G R2 -> G L1]', '[G L1 -> G C1]', '[G C1 -> G R2]', '[G R2 -> G L1]', '[G L1 -> G C1]', '[G C1 -> G L1]', '[R R2 -> R C1]', '[G L1 -> G R2]', '[R C1 -> R R3]', '[R R3 -> R C1]', '[G R2 -> G C2]', '[B R1 -> B L1]', '[B L1 -> B R1]', '[G C2 -> G L1]', '[G L1 -> G C2]', '[B R1 -> B L1]', '[B L1 -> B R1]', '[G C2 -> G R2]', '[R C1 -> R L1]', '[R L1 -> R R3]', '[R R3 -> R C1]', '[R C1 -> R R3]', '[R R3 -> R C1]', '[G R2 -> G C2]', '[G C2 -> G R2]', '[R C1 -> R L1]', '[R L1 -> R C1]', '[R C1 -> R R3]', '[R R3 -> R C1]', '[G R2 -> G L1]', '[R C1 -> R R2]', '[G L1 -> G R2]', '[G R2 -> G L1]', '[R R2 -> R C1]', '[B R1 -> B C2]', '[G L1 -> G R1]']",0.7778213593991465,0.4,0.5
68,-14.5,"[34, 33, 31, 32, 31, 32, 31, 33, 31, 33, 34, 33, 35, 33, 31, 32, 31, 33, 31, 32, 31, 33, 32, 33, 32, 45, 46, 45, 43, 41, 43, 44, 43, 44, 43, 42, 35, 33, 31, 33, 32, 31, 32, 45, 32, 33, 32, 45, 43, 44, 43, 45, 32, 33, 34, 33, 32, 45, 46, 45, 43, 44, 56, 55, 53, 55, 53, 54]","['[R R2 -> R C2]', '[R C2 -> R R2]', '[G C1 -> G R2]', '[G R2 -> G L1]', '[G L1 -> G R2]', '[G R2 -> G L1]', '[G L1 -> G R2]', '[G R2 -> G C1]', '[G C1 -> G R2]', '[G R2 -> G C1]', '[R R2 -> R C2]', '[R C2 -> R R2]', '[R R2 -> R L1]', '[R L1 -> R R2]', '[G C1 -> G R2]', '[G R2 -> G L1]', '[G L1 -> G R2]', '[G R2 -> G C1]', '[G C1 -> G R2]', '[G R2 -> G L1]', '[G L1 -> G R2]', '[G R2 -> G C1]', '[G C1 -> G L1]', '[G L1 -> G C1]', '[G C1 -> G L1]', '[R R2 -> R C1]', '[B R1 -> B C2]', '[B C2 -> B R1]', '[G L1 -> G R2]', '[R C1 -> R R3]', '[R R3 -> R C1]', '[G R2 -> G C2]', '[G C2 -> G R2]', '[G R2 -> G C2]', '[G C2 -> G R2]', '[R C1 -> R L1]', '[G R2 -> G C1]', '[R L1 -> R R2]', '[G C1 -> G R2]', '[G R2 -> G C1]', '[G C1 -> G L1]', '[G L1 -> G R2]', '[G R2 -> G L1]', '[R R2 -> R C1]', '[R C1 -> R R2]', '[G L1 -> G C1]', '[G C1 -> G L1]', '[R R2 -> R C1]', '[G L1 -> G R2]', '[G R2 -> G C2]', '[G C2 -> G R2]', '[G R2 -> G L1]', '[R C1 -> R R2]', '[G L1 -> G C1]', '[R R2 -> R C2]', '[R C2 -> R R2]', '[G C1 -> G L1]', '[R R2 -> R C1]', '[B R1 -> B C2]', '[B C2 -> B R1]', '[G L1 -> G R2]', '[G R2 -> G C2]', '[B R1 -> B L1]', '[G C2 -> G R1]', '[B L1 -> B R2]', '[B R2 -> B L1]', '[B L1 -> B R2]', '[B R2 -> B C2]']",0.7700431458051551,0.4,0.5
55,0.25,"[34, 33, 34, 33, 32, 33, 35, 33, 35, 34, 33, 31, 32, 33, 34, 26, 34, 33, 34, 33, 35, 36, 35, 36, 24, 36, 24, 36, 24, 23, 25, 26, 34, 35, 33, 32, 45, 43, 42, 43, 42, 41, 42, 41, 43, 45, 44, 56, 55, 53, 52, 53, 51, 53, 54]","['[R R2 -> R C2]', '[R C2 -> R R2]', '[R R2 -> R C2]', '[R C2 -> R R2]', '[G C1 -> G L1]', '[G L1 -> G C1]', '[R R2 -> R L1]', '[R L1 -> R R2]', '[R R2 -> R L1]', '[R L1 -> R C2]', '[R C2 -> R R2]', '[G C1 -> G R2]', '[G R2 -> G L1]', '[G L1 -> G C1]', '[R R2 -> R C2]', '[B R1 -> B L1]', '[B L1 -> B R1]', '[R C2 -> R R2]', '[R R2 -> R C2]', '[R C2 -> R R2]', '[R R2 -> R L1]', '[B R1 -> B C2]', '[B C2 -> B R1]', '[B R1 -> B C2]', '[R L1 -> R R1]', '[R R1 -> R L1]', '[R L1 -> R R1]', '[R R1 -> R L1]', '[R L1 -> R R1]', '[B C2 -> B R2]', '[B R2 -> B L1]', '[R R1 -> R C2]', '[B L1 -> B R1]', '[R C2 -> R L1]', '[R L1 -> R R2]', '[G C1 -> G L1]', '[R R2 -> R C1]', '[G L1 -> G R2]', '[R C1 -> R L1]', '[R L1 -> R C1]', '[R C1 -> R L1]', '[R L1 -> R R3]', '[R R3 -> R L1]', '[R L1 -> R R3]', '[R R3 -> R C1]', '[G R2 -> G L1]', '[G L1 -> G C2]', '[B R1 -> B L1]', '[G C2 -> G R1]', '[B L1 -> B R2]', '[R C1 -> R L1]', '[R L1 -> R C1]', '[R C1 -> R R3]', '[R R3 -> R C1]', '[B R2 -> B C2]']",0.7623427143471035,0.4,0.5
15,1.0,"[32, 45, 44, 43, 45, 44, 45, 44, 43, 42, 41, 43, 45, 46, 54]","['[G C1 -> G L1]', '[R R2 -> R C1]', '[G L1 -> G C2]', '[G C2 -> G R2]', '[G R2 -> G L1]', '[G L1 -> G C2]', '[G C2 -> G L1]', '[G L1 -> G C2]', '[G C2 -> G R2]', '[R C1 -> R L1]', '[R L1 -> R R3]', '[R R3 -> R C1]', '[G R2 -> G L1]', '[B R1 -> B C2]', '[G L1 -> G R1]']",0.7547192872036325,0.4,0.5
5,1.25,"[31, 32, 45, 46, 54]","['[G C1 -> G R2]', '[G R2 -> G L1]', '[R R2 -> R C1]', '[B R1 -> B C2]', '[G L1 -> G R1]']",0.7471720943315961,0.4,0.5
125,-73.0,"[34, 26, 34, 35, 34, 35, 36, 35, 36, 24, 36, 24, 25, 24, 36, 24, 23, 24, 36, 24, 23, 25, 24, 25, 23, 25, 26, 25, 23, 24, 36, 24, 23, 22, 23, 25, 23, 24, 25, 23, 21, 23, 24, 23, 24, 23, 24, 23, 22, 21, 23, 21, 23, 21, 23, 21, 23, 21, 22, 21, 22, 21, 23, 24, 36, 24, 23, 21, 23, 24, 23, 22, 23, 21, 22, 15, 22, 21, 22, 21, 22, 15, 16, 15, 14, 15, 14, 15, 13, 14, 13, 12, 25, 26, 25, 23, 21, 23, 21, 23, 25, 24, 36, 24, 36, 35, 34, 35, 33, 34, 26, 34, 26, 34, 35, 34, 33, 35, 42, 43, 41, 43, 45, 46, 54]","['[R R2 -> R C2]', '[B R1 -> B L1]', '[B L1 -> B R1]', '[R C2 -> R L1]', '[R L1 -> R C2]', '[R C2 -> R L1]', '[B R1 -> B C2]', '[B C2 -> B R1]', '[B R1 -> B C2]', '[R L1 -> R R1]', '[R R1 -> R L1]', '[R L1 -> R R1]', '[B C2 -> B L1]', '[B L1 -> B C2]', '[R R1 -> R L1]', '[R L1 -> R R1]', '[B C2 -> B R2]', '[B R2 -> B C2]', '[R R1 -> R L1]', '[R L1 -> R R1]', '[B C2 -> B R2]', '[B R2 -> B L1]', '[B L1 -> B C2]', '[B C2 -> B L1]', '[B L1 -> B R2]', '[B R2 -> B L1]', '[R R1 -> R C2]', '[R C2 -> R R1]', '[B L1 -> B R2]', '[B R2 -> B C2]', '[R R1 -> R L1]', '[R L1 -> R R1]', '[B C2 -> B R2]', '[G C1 -> G L1]', '[G L1 -> G C1]', '[B R2 -> B L1]', '[B L1 -> B R2]', '[B R2 -> B C2]', '[B C2 -> B L1]', '[B L1 -> B R2]', '[G C1 -> G R3]', '[G R3 -> G C1]', '[B R2 -> B C2]', '[B C2 -> B R2]', '[B R2 -> B C2]', '[B C2 -> B R2]', '[B R2 -> B C2]', '[B C2 -> B R2]', '[G C1 -> G L1]', '[G L1 -> G R3]', '[G R3 -> G C1]', '[G C1 -> G R3]', '[G R3 -> G C1]', '[G C1 -> G R3]', '[G R3 -> G C1]', '[G C1 -> G R3]', '[G R3 -> G C1]', '[G C1 -> G R3]', '[G R3 -> G L1]', '[G L1 -> G R3]', '[G R3 -> G L1]', '[G L1 -> G R3]', '[G R3 -> G C1]', '[B R2 -> B C2]', '[R R1 -> R L1]', '[R L1 -> R R1]', '[B C2 -> B R2]', '[G C1 -> G R3]', '[G R3 -> G C1]', '[B R2 -> B C2]', '[B C2 -> B R2]', '[G C1 -> G L1]', '[G L1 -> G C1]', '[G C1 -> G R3]', '[G R3 -> G L1]', '[B R2 -> B C1]', '[B C1 -> B R2]', '[G L1 -> G R3]', '[G R3 -> G L1]', '[G L1 -> G R3]', '[G R3 -> G L1]', '[B R2 -> B C1]', '[R R1 -> R C2]', '[R C2 -> R R1]', '[G L1 -> G C2]', '[G C2 -> G L1]', '[G L1 -> G C2]', '[G C2 -> G L1]', '[G L1 -> G R2]', '[G R2 -> G C2]', '[G C2 -> G R2]', '[B C1 -> B L1]', '[G R2 -> G C1]', '[R R1 -> R C2]', '[R C2 -> R R1]', '[B L1 -> B R2]', '[G C1 -> G R3]', '[G R3 -> G C1]', '[G C1 -> G R3]', '[G R3 -> G C1]', '[B R2 -> B L1]', '[B L1 -> B C2]', '[R R1 -> R L1]', '[R L1 -> R R1]', '[R R1 -> R L1]', '[B C2 -> B R1]', '[R L1 -> R C2]', '[R C2 -> R L1]', '[R L1 -> R R2]', '[R R2 -> R C2]', '[B R1 -> B L1]', '[B L1 -> B R1]', '[B R1 -> B L1]', '[B L1 -> B R1]', '[R C2 -> R L1]', '[R L1 -> R C2]', '[R C2 -> R R2]', '[R R2 -> R L1]', '[G C1 -> G R2]', '[R L1 -> R C1]', '[R C1 -> R R3]', '[R R3 -> R C1]', '[G R2 -> G L1]', '[B R1 -> B C2]', '[G L1 -> G R1]']",0.7397003733882802,0.4,0.5
4,100.25,"[32, 45, 46, 54]","['[G C1 -> G L1]', '[R R2 -> R C1]', '[B R1 -> B C2]', '[G L1 -> G R1]']",0.7323033696543974,0.4,0.5
5,1.25,"[31, 32, 45, 46, 54]","['[G C1 -> G R2]', '[G R2 -> G L1]', '[R R2 -> R C1]', '[B R1 -> B C2]', '[G L1 -> G R1]']",0.7249803359578534,0.4,0.5
17,1.25,"[35, 34, 26, 25, 26, 25, 26, 34, 33, 32, 33, 31, 33, 32, 45, 46, 54]","['[R R2 -> R L1]', '[R L1 -> R C2]', '[B R1 -> B L1]', '[R C2 -> R R1]', '[R R1 -> R C2]', '[R C2 -> R R1]', '[R R1 -> R C2]', '[B L1 -> B R1]', '[R C2 -> R R2]', '[G C1 -> G L1]', '[G L1 -> G C1]', '[G C1 -> G R2]', '[G R2 -> G C1]', '[G C1 -> G L1]', '[R R2 -> R C1]', '[B R1 -> B C2]', '[G L1 -> G R1]']",0.7177305325982748,0.4,0.5
27,1.0,"[35, 36, 35, 33, 31, 33, 34, 33, 31, 32, 45, 43, 44, 56, 55, 62, 55, 56, 44, 43, 45, 46, 45, 43, 45, 46, 54]","['[R R2 -> R L1]', '[B R1 -> B C2]', '[B C2 -> B R1]', '[R L1 -> R R2]', '[G C1 -> G R2]', '[G R2 -> G C1]', '[R R2 -> R C2]', '[R C2 -> R R2]', '[G C1 -> G R2]', '[G R2 -> G L1]', '[R R2 -> R C1]', '[G L1 -> G R2]', '[G R2 -> G C2]', '[B R1 -> B L1]', '[G C2 -> G R1]', '[R C1 -> R R2]', '[R R2 -> R C1]', '[G R1 -> G C2]', '[B L1 -> B R1]', '[G C2 -> G R2]', '[G R2 -> G L1]', '[B R1 -> B C2]', '[B C2 -> B R1]', '[G L1 -> G R2]', '[G R2 -> G L1]', '[B R1 -> B C2]', '[G L1 -> G R1]']",0.7105532272722921,0.4,0.5
44,0.5,"[31, 32, 31, 32, 45, 43, 45, 43, 42, 35, 36, 35, 42, 35, 42, 41, 43, 42, 41, 42, 41, 42, 35, 34, 33, 34, 33, 34, 33, 32, 31, 32, 33, 31, 33, 34, 33, 32, 45, 44, 43, 45, 46, 54]","['[G C1 -> G R2]', '[G R2 -> G L1]', '[G L1 -> G R2]', '[G R2 -> G L1]', '[R R2 -> R C1]', '[G L1 -> G R2]', '[G R2 -> G L1]', '[G L1 -> G R2]', '[R C1 -> R L1]', '[G R2 -> G C1]', '[B R1 -> B C2]', '[B C2 -> B R1]', '[G C1 -> G R2]', '[G R2 -> G C1]', '[G C1 -> G R2]', '[R L1 -> R R3]', '[R R3 -> R C1]', '[R C1 -> R L1]', '[R L1 -> R R3]', '[R R3 -> R L1]', '[R L1 -> R R3]', '[R R3 -> R L1]', '[G R2 -> G C1]', '[R L1 -> R C2]', '[R C2 -> R R2]', '[R R2 -> R C2]', '[R C2 -> R R2]', '[R R2 -> R C2]', '[R C2 -> R R2]', '[G C1 -> G L1]', '[G L1 -> G R2]', '[G R2 -> G L1]', '[G L1 -> G C1]', '[G C1 -> G R2]', '[G R2 -> G C1]', '[R R2 -> R C2]', '[R C2 -> R R2]', '[G C1 -> G L1]', '[R R2 -> R C1]', '[G L1 -> G C2]', '[G C2 -> G R2]', '[G R2 -> G L1]', '[B R1 -> B C2]', '[G L1 -> G R1]']",0.7034476949995692,0.4,0.5
11,1.0,"[34, 33, 31, 32, 45, 32, 45, 43, 45, 46, 54]","['[R R2 -> R C2]', '[R C2 -> R R2]', '[G C1 -> G R2]', '[G R2 -> G L1]', '[R R2 -> R C1]', '[R C1 -> R R2]', '[R R2 -> R C1]', '[G L1 -> G R2]', '[G R2 -> G L1]', '[B R1 -> B C2]', '[G L1 -> G R1]']",0.6964132180495735,0.4,0.5
49,0.75,"[31, 32, 33, 34, 33, 34, 33, 32, 45, 43, 44, 56, 55, 53, 52, 51, 52, 51, 52, 65, 66, 14, 15, 22, 21, 23, 21, 23, 25, 12, 25, 26, 34, 26, 25, 26, 34, 35, 34, 35, 33, 32, 45, 32, 45, 46, 45, 46, 54]","['[G C1 -> G R2]', '[G R2 -> G L1]', '[G L1 -> G C1]', '[R R2 -> R C2]', '[R C2 -> R R2]', '[R R2 -> R C2]', '[R C2 -> R R2]', '[G C1 -> G L1]', '[R R2 -> R C1]', '[G L1 -> G R2]', '[G R2 -> G C2]', '[B R1 -> B L1]', '[G C2 -> G R1]', '[B L1 -> B R2]', '[R C1 -> R L1]', '[R L1 -> R R3]', '[R R3 -> R L1]', '[R L1 -> R R3]', '[R R3 -> R L1]', '[B R2 -> B C1]', '[G R1 -> G C2]', '[R L1 -> R R1]', '[G C2 -> G L1]', '[B C1 -> B R2]', '[G L1 -> G R3]', '[G R3 -> G C1]', '[G C1 -> G R3]', '[G R3 -> G C1]', '[B R2 -> B L1]', '[G C1 -> G R2]', '[G R2 -> G C1]', '[R R1 -> R C2]', '[B L1 -> B R1]', '[B R1 -> B L1]', '[R C2 -> R R1]', '[R R1 -> R C2]', '[B L1 -> B R1]', '[R C2 -> R L1]', '[R L1 -> R C2]', '[R C2 -> R L1]', '[R L1 -> R R2]', '[G C1 -> G L1]', '[R R2 -> R C1]', '[R C1 -> R R2]', '[R R2 -> R C1]', '[B R1 -> B C2]', '[B C2 -> B R1]', '[B R1 -> B C2]', '[G L1 -> G R1]']",0.6894490858690777,0.4,0.5
20,1.25,"[32, 33, 35, 42, 41, 42, 43, 45, 43, 45, 46, 45, 43, 45, 46, 45, 46, 45, 46, 54]","['[G C1 -> G L1]', '[G L1 -> G C1]', '[R R2 -> R L1]', '[G C1 -> G R2]', '[R L1 -> R R3]', '[R R3 -> R L1]', '[R L1 -> R C1]', '[G R2 -> G L1]', '[G L1 -> G R2]', '[G R2 -> G L1]', '[B R1 -> B C2]', '[B C2 -> B R1]', '[G L1 -> G R2]', '[G R2 -> G L1]', '[B R1 -> B C2]', '[B C2 -> B R1]', '[B R1 -> B C2]', '[B C2 -> B R1]', '[B R1 -> B C2]', '[G L1 -> G R1]']",0.682554595010387,0.4,0.5
79,-24.75,"[32, 31, 33, 34, 26, 25, 26, 25, 12, 13, 11, 13, 14, 13, 11, 13, 12, 25, 12, 11, 13, 12, 11, 13, 14, 13, 11, 13, 15, 22, 23, 24, 25, 26, 25, 23, 25, 26, 34, 35, 34, 33, 31, 33, 35, 33, 32, 33, 34, 33, 32, 31, 32, 33, 34, 33, 32, 31, 32, 45, 46, 45, 44, 45, 46, 45, 32, 45, 46, 45, 32, 33, 32, 33, 31, 32, 45, 46, 54]","['[G C1 -> G L1]', '[G L1 -> G R2]', '[G R2 -> G C1]', '[R R2 -> R C2]', '[B R1 -> B L1]', '[R C2 -> R R1]', '[R R1 -> R C2]', '[R C2 -> R R1]', '[G C1 -> G R2]', '[B L1 -> B C1]', '[B C1 -> B R3]', '[B R3 -> B C1]', '[G R2 -> G C2]', '[G C2 -> G R2]', '[B C1 -> B R3]', '[B R3 -> B C1]', '[B C1 -> B L1]', '[G R2 -> G C1]', '[G C1 -> G R2]', '[B L1 -> B R3]', '[B R3 -> B C1]', '[B C1 -> B L1]', '[B L1 -> B R3]', '[B R3 -> B C1]', '[G R2 -> G C2]', '[G C2 -> G R2]', '[B C1 -> B R3]', '[B R3 -> B C1]', '[G R2 -> G L1]', '[B C1 -> B R2]', '[G L1 -> G C1]', '[B R2 -> B C2]', '[B C2 -> B L1]', '[R R1 -> R C2]', '[R C2 -> R R1]', '[B L1 -> B R2]', '[B R2 -> B L1]', '[R R1 -> R C2]', '[B L1 -> B R1]', '[R C2 -> R L1]', '[R L1 -> R C2]', '[R C2 -> R R2]', '[G C1 -> G R2]', '[G R2 -> G C1]', '[R R2 -> R L1]', '[R L1 -> R R2]', '[G C1 -> G L1]', '[G L1 -> G C1]', '[R R2 -> R C2]', '[R C2 -> R R2]', '[G C1 -> G L1]', '[G L1 -> G R2]', '[G R2 -> G L1]', '[G L1 -> G C1]', '[R R2 -> R C2]', '[R C2 -> R R2]', '[G C1 -> G L1]', '[G L1 -> G R2]', '[G R2 -> G L1]', '[R R2 -> R C1]', '[B R1 -> B C2]', '[B C2 -> B R1]', '[G L1 -> G C2]', '[G C2 -> G L1]', '[B R1 -> B C2]', '[B C2 -> B R1]', '[R C1 -> R R2]', '[R R2 -> R C1]', '[B R1 -> B C2]', '[B C2 -> B R1]', '[R C1 -> R R2]', '[G L1 -> G C1]', '[G C1 -> G L1]', '[G L1 -> G C1]', '[G C1 -> G R2]', '[G R2 -> G L1]', '[R R2 -> R C1]', '[B R1 -> B C2]', '[G L1 -> G R1]']",0.6757290490602831,0.4,0.5
56,-2.75,"[31, 33, 34, 33, 32, 45, 43, 42, 41, 43, 41, 43, 41, 43, 41, 43, 45, 44, 43, 45, 43, 45, 32, 45, 46, 45, 44, 43, 45, 43, 42, 43, 44, 56, 44, 43, 45, 32, 45, 44, 56, 44, 45, 32, 33, 32, 31, 33, 35, 33, 35, 33, 32, 45, 46, 54]","['[G C1 -> G R2]', '[G R2 -> G C1]', '[R R2 -> R C2]', '[R C2 -> R R2]', '[G C1 -> G L1]', '[R R2 -> R C1]', '[G L1 -> G R2]', '[R C1 -> R L1]', '[R L1 -> R R3]', '[R R3 -> R C1]', '[R C1 -> R R3]', '[R R3 -> R C1]', '[R C1 -> R R3]', '[R R3 -> R C1]', '[R C1 -> R R3]', '[R R3 -> R C1]', '[G R2 -> G L1]', '[G L1 -> G C2]', '[G C2 -> G R2]', '[G R2 -> G L1]', '[G L1 -> G R2]', '[G R2 -> G L1]', '[R C1 -> R R2]', '[R R2 -> R C1]', '[B R1 -> B C2]', '[B C2 -> B R1]', '[G L1 -> G C2]', '[G C2 -> G R2]', '[G R2 -> G L1]', '[G L1 -> G R2]', '[R C1 -> R L1]', '[R L1 -> R C1]', '[G R2 -> G C2]', '[B R1 -> B L1]', '[B L1 -> B R1]', '[G C2 -> G R2]', '[G R2 -> G L1]', '[R C1 -> R R2]', '[R R2 -> R C1]', '[G L1 -> G C2]', '[B R1 -> B L1]', '[B L1 -> B R1]', '[G C2 -> G L1]', '[R C1 -> R R2]', '[G L1 -> G C1]', '[G C1 -> G L1]', '[G L1 -> G R2]', '[G R2 -> G C1]', '[R R2 -> R L1]', '[R L1 -> R R2]', '[R R2 -> R L1]', '[R L1 -> R R2]', '[G C1 -> G L1]', '[R R2 -> R C1]', '[B R1 -> B C2]', '[G L1 -> G R1]']",0.6689717585696803,0.4,0.5
18,0.75,"[35, 33, 32, 31, 33, 31, 32, 45, 32, 33, 32, 45, 44, 45, 32, 45, 46, 54]","['[R R2 -> R L1]', '[R L1 -> R R2]', '[G C1 -> G L1]', '[G L1 -> G R2]', '[G R2 -> G C1]', '[G C1 -> G R2]', '[G R2 -> G L1]', '[R R2 -> R C1]', '[R C1 -> R R2]', '[G L1 -> G C1]', '[G C1 -> G L1]', '[R R2 -> R C1]', '[G L1 -> G C2]', '[G C2 -> G L1]', '[R C1 -> R R2]', '[R R2 -> R C1]', '[B R1 -> B C2]', '[G L1 -> G R1]']",0.6622820409839835,0.4,0.5
4,100.25,"[32, 45, 46, 54]","['[G C1 -> G L1]', '[R R2 -> R C1]', '[B R1 -> B C2]', '[G L1 -> G R1]']",0.6556592205741436,0.4,0.5
12,1.25,"[34, 35, 33, 32, 31, 33, 32, 33, 32, 45, 46, 54]","['[R R2 -> R C2]', '[R C2 -> R L1]', '[R L1 -> R R2]', '[G C1 -> G L1]', '[G L1 -> G R2]', '[G R2 -> G C1]', '[G C1 -> G L1]', '[G L1 -> G C1]', '[G C1 -> G L1]', '[R R2 -> R C1]', '[B R1 -> B C2]', '[G L1 -> G R1]']",0.6491026283684022,0.4,0.5
10,1.25,"[32, 31, 33, 34, 35, 42, 43, 45, 46, 54]","['[G C1 -> G L1]', '[G L1 -> G R2]', '[G R2 -> G C1]', '[R R2 -> R C2]', '[R C2 -> R L1]', '[G C1 -> G R2]', '[R L1 -> R C1]', '[G R2 -> G L1]', '[B R1 -> B C2]', '[G L1 -> G R1]']",0.6426116020847181,0.4,0.5
21,0.75,"[31, 32, 45, 46, 45, 32, 45, 32, 31, 32, 31, 32, 31, 32, 31, 32, 31, 32, 45, 46, 54]","['[G C1 -> G R2]', '[G R2 -> G L1]', '[R R2 -> R C1]', '[B R1 -> B C2]', '[B C2 -> B R1]', '[R C1 -> R R2]', '[R R2 -> R C1]', '[R C1 -> R R2]', '[G L1 -> G R2]', '[G R2 -> G L1]', '[G L1 -> G R2]', '[G R2 -> G L1]', '[G L1 -> G R2]', '[G R2 -> G L1]', '[G L1 -> G R2]', '[G R2 -> G L1]', '[G L1 -> G R2]', '[G R2 -> G L1]', '[R R2 -> R C1]', '[B R1 -> B C2]', '[G L1 -> G R1]']",0.6361854860638709,0.4,0.5
10,1.25,"[35, 33, 32, 33, 32, 45, 44, 45, 46, 54]","['[R R2 -> R L1]', '[R L1 -> R R2]', '[G C1 -> G L1]', '[G L1 -> G C1]', '[G C1 -> G L1]', '[R R2 -> R C1]', '[G L1 -> G C2]', '[G C2 -> G L1]', '[B R1 -> B C2]', '[G L1 -> G R1]']",0.6298236312032323,0.4,0.5
6,1.25,"[32, 33, 32, 45, 46, 54]","['[G C1 -> G L1]', '[G L1 -> G C1]', '[G C1 -> G L1]', '[R R2 -> R C1]', '[B R1 -> B C2]', '[G L1 -> G R1]']",0.6235253948912,0.4,0.5
4,100.25,"[32, 45, 46, 54]","['[G C1 -> G L1]', '[R R2 -> R C1]', '[B R1 -> B C2]', '[G L1 -> G R1]']",0.617290140942288,0.4,0.5
17,1.0,"[31, 33, 34, 33, 32, 45, 43, 44, 56, 44, 45, 32, 31, 32, 45, 46, 54]","['[G C1 -> G R2]', '[G R2 -> G C1]', '[R R2 -> R C2]', '[R C2 -> R R2]', '[G C1 -> G L1]', '[R R2 -> R C1]', '[G L1 -> G R2]', '[G R2 -> G C2]', '[B R1 -> B L1]', '[B L1 -> B R1]', '[G C2 -> G L1]', '[R C1 -> R R2]', '[G L1 -> G R2]', '[G R2 -> G L1]', '[R R2 -> R C1]', '[B R1 -> B C2]', '[G L1 -> G R1]']",0.6111172395328651,0.4,0.5
10,1.0,"[32, 45, 43, 42, 41, 42, 43, 45, 46, 54]","['[G C1 -> G L1]', '[R R2 -> R C1]', '[G L1 -> G R2]', '[R C1 -> R L1]', '[R L1 -> R R3]', '[R R3 -> R L1]', '[R L1 -> R C1]', '[G R2 -> G L1]', '[B R1 -> B C2]', '[G L1 -> G R1]']",0.6050060671375365,0.4,0.5
4,100.25,"[32, 45, 46, 54]","['[G C1 -> G L1]', '[R R2 -> R C1]', '[B R1 -> B C2]', '[G L1 -> G R1]']",0.5989560064661611,0.4,0.5
7,1.25,"[31, 32, 31, 32, 45, 46, 54]","['[G C1 -> G R2]', '[G R2 -> G L1]', '[G L1 -> G R2]', '[G R2 -> G L1]', '[R R2 -> R C1]', '[B R1 -> B C2]', '[G L1 -> G R1]']",0.5929664464014994,0.4,0.5
19,1.25,"[34, 33, 34, 33, 34, 33, 32, 31, 32, 33, 32, 45, 43, 44, 45, 43, 45, 46, 54]","['[R R2 -> R C2]', '[R C2 -> R R2]', '[R R2 -> R C2]', '[R C2 -> R R2]', '[R R2 -> R C2]', '[R C2 -> R R2]', '[G C1 -> G L1]', '[G L1 -> G R2]', '[G R2 -> G L1]', '[G L1 -> G C1]', '[G C1 -> G L1]', '[R R2 -> R C1]', '[G L1 -> G R2]', '[G R2 -> G C2]', '[G C2 -> G L1]', '[G L1 -> G R2]', '[G R2 -> G L1]', '[B R1 -> B C2]', '[G L1 -> G R1]']",0.5870367819374844,0.4,0.5
18,0.75,"[31, 33, 31, 32, 33, 32, 45, 44, 56, 44, 43, 41, 43, 41, 43, 45, 46, 54]","['[G C1 -> G R2]', '[G R2 -> G C1]', '[G C1 -> G R2]', '[G R2 -> G L1]', '[G L1 -> G C1]', '[G C1 -> G L1]', '[R R2 -> R C1]', '[G L1 -> G C2]', '[B R1 -> B L1]', '[B L1 -> B R1]', '[G C2 -> G R2]', '[R C1 -> R R3]', '[R R3 -> R C1]', '[R C1 -> R R3]', '[R R3 -> R C1]', '[G R2 -> G L1]', '[B R1 -> B C2]', '[G L1 -> G R1]']",0.5811664141181095,0.4,0.5
4,100.25,"[32, 45, 46, 54]","['[G C1 -> G L1]', '[R R2 -> R C1]', '[B R1 -> B C2]', '[G L1 -> G R1]']",0.5753547499769285,0.4,0.5
11,1.25,"[31, 32, 31, 32, 31, 32, 45, 46, 45, 46, 54]","['[G C1 -> G R2]', '[G R2 -> G L1]', '[G L1 -> G R2]', '[G R2 -> G L1]', '[G L1 -> G R2]', '[G R2 -> G L1]', '[R R2 -> R C1]', '[B R1 -> B C2]', '[B C2 -> B R1]', '[B R1 -> B C2]', '[G L1 -> G R1]']",0.5696012024771592,0.4,0.5
6,1.25,"[32, 31, 32, 45, 46, 54]","['[G C1 -> G L1]', '[G L1 -> G R2]', '[G R2 -> G L1]', '[R R2 -> R C1]', '[B R1 -> B C2]', '[G L1 -> G R1]']",0.5639051904523876,0.4,0.5
4,100.25,"[32, 45, 46, 54]","['[G C1 -> G L1]', '[R R2 -> R C1]', '[B R1 -> B C2]', '[G L1 -> G R1]']",0.5582661385478638,0.4,0.5
20,1.0,"[35, 34, 35, 34, 35, 36, 35, 34, 35, 42, 43, 45, 44, 56, 44, 45, 44, 45, 46, 54]","['[R R2 -> R L1]', '[R L1 -> R C2]', '[R C2 -> R L1]', '[R L1 -> R C2]', '[R C2 -> R L1]', '[B R1 -> B C2]', '[B C2 -> B R1]', '[R L1 -> R C2]', '[R C2 -> R L1]', '[G C1 -> G R2]', '[R L1 -> R C1]', '[G R2 -> G L1]', '[G L1 -> G C2]', '[B R1 -> B L1]', '[B L1 -> B R1]', '[G C2 -> G L1]', '[G L1 -> G C2]', '[G C2 -> G L1]', '[B R1 -> B C2]', '[G L1 -> G R1]']",0.5526834771623851,0.4,0.5
11,1.25,"[31, 32, 45, 46, 45, 44, 45, 46, 45, 46, 54]","['[G C1 -> G R2]', '[G R2 -> G L1]', '[R R2 -> R C1]', '[B R1 -> B C2]', '[B C2 -> B R1]', '[G L1 -> G C2]', '[G C2 -> G L1]', '[B R1 -> B C2]', '[B C2 -> B R1]', '[B R1 -> B C2]', '[G L1 -> G R1]']",0.5471566423907612,0.4,0.5
4,100.25,"[32, 45, 46, 54]","['[G C1 -> G L1]', '[R R2 -> R C1]', '[B R1 -> B C2]', '[G L1 -> G R1]']",0.5416850759668536,0.4,0.5
10,1.25,"[31, 32, 31, 33, 32, 45, 44, 45, 46, 54]","['[G C1 -> G R2]', '[G R2 -> G L1]', '[G L1 -> G R2]', '[G R2 -> G C1]', '[G C1 -> G L1]', '[R R2 -> R C1]', '[G L1 -> G C2]', '[G C2 -> G L1]', '[B R1 -> B C2]', '[G L1 -> G R1]']",0.536268225207185,0.4,0.5
4,100.25,"[32, 45, 46, 54]","['[G C1 -> G L1]', '[R R2 -> R C1]', '[B R1 -> B C2]', '[G L1 -> G R1]']",0.5309055429551132,0.4,0.5
10,1.0,"[32, 45, 46, 45, 46, 45, 32, 45, 46, 54]","['[G C1 -> G L1]', '[R R2 -> R C1]', '[B R1 -> B C2]', '[B C2 -> B R1]', '[B R1 -> B C2]', '[B C2 -> B R1]', '[R C1 -> R R2]', '[R R2 -> R C1]', '[B R1 -> B C2]', '[G L1 -> G R1]']",0.525596487525562,0.4,0.5
6,1.25,"[32, 31, 32, 45, 46, 54]","['[G C1 -> G L1]', '[G L1 -> G R2]', '[G R2 -> G L1]', '[R R2 -> R C1]', '[B R1 -> B C2]', '[G L1 -> G R1]']",0.5203405226503064,0.4,0.5
18,1.0,"[32, 31, 32, 33, 32, 31, 32, 33, 32, 45, 44, 45, 32, 45, 44, 45, 46, 54]","['[G C1 -> G L1]', '[G L1 -> G R2]', '[G R2 -> G L1]', '[G L1 -> G C1]', '[G C1 -> G L1]', '[G L1 -> G R2]', '[G R2 -> G L1]', '[G L1 -> G C1]', '[G C1 -> G L1]', '[R R2 -> R C1]', '[G L1 -> G C2]', '[G C2 -> G L1]', '[R C1 -> R R2]', '[R R2 -> R C1]', '[G L1 -> G C2]', '[G C2 -> G L1]', '[B R1 -> B C2]', '[G L1 -> G R1]']",0.5151371174238033,0.4,0.5
17,1.0,"[32, 33, 32, 45, 44, 45, 44, 43, 45, 32, 45, 46, 45, 46, 45, 46, 54]","['[G C1 -> G L1]', '[G L1 -> G C1]', '[G C1 -> G L1]', '[R R2 -> R C1]', '[G L1 -> G C2]', '[G C2 -> G L1]', '[G L1 -> G C2]', '[G C2 -> G R2]', '[G R2 -> G L1]', '[R C1 -> R R2]', '[R R2 -> R C1]', '[B R1 -> B C2]', '[B C2 -> B R1]', '[B R1 -> B C2]', '[B C2 -> B R1]', '[B R1 -> B C2]', '[G L1 -> G R1]']",0.5099857462495653,0.4,0.5
8,1.25,"[32, 31, 32, 45, 46, 45, 46, 54]","['[G C1 -> G L1]', '[G L1 -> G R2]', '[G R2 -> G L1]', '[R R2 -> R C1]', '[B R1 -> B C2]', '[B C2 -> B R1]', '[B R1 -> B C2]', '[G L1 -> G R1]']",0.5048858887870696,0.4,0.5
4,100.25,"[32, 45, 46, 54]","['[G C1 -> G L1]', '[R R2 -> R C1]', '[B R1 -> B C2]', '[G L1 -> G R1]']",0.4998370298991989,0.4,0.5
18,1.25,"[32, 33, 34, 35, 34, 35, 34, 26, 34, 33, 34, 33, 32, 31, 32, 45, 46, 54]","['[G C1 -> G L1]', '[G L1 -> G C1]', '[R R2 -> R C2]', '[R C2 -> R L1]', '[R L1 -> R C2]', '[R C2 -> R L1]', '[R L1 -> R C2]', '[B R1 -> B L1]', '[B L1 -> B R1]', '[R C2 -> R R2]', '[R R2 -> R C2]', '[R C2 -> R R2]', '[G C1 -> G L1]', '[G L1 -> G R2]', '[G R2 -> G L1]', '[R R2 -> R C1]', '[B R1 -> B C2]', '[G L1 -> G R1]']",0.49483865960020695,0.4,0.5
14,1.25,"[32, 33, 35, 33, 32, 45, 44, 45, 44, 45, 44, 45, 46, 54]","['[G C1 -> G L1]', '[G L1 -> G C1]', '[R R2 -> R L1]', '[R L1 -> R R2]', '[G C1 -> G L1]', '[R R2 -> R C1]', '[G L1 -> G C2]', '[G C2 -> G L1]', '[G L1 -> G C2]', '[G C2 -> G L1]', '[G L1 -> G C2]', '[G C2 -> G L1]', '[B R1 -> B C2]', '[G L1 -> G R1]']",0.4898902730042049,0.4,0.5
10,1.25,"[32, 45, 43, 45, 44, 45, 46, 45, 46, 54]","['[G C1 -> G L1]', '[R R2 -> R C1]', '[G L1 -> G R2]', '[G R2 -> G L1]', '[G L1 -> G C2]', '[G C2 -> G L1]', '[B R1 -> B C2]', '[B C2 -> B R1]', '[B R1 -> B C2]', '[G L1 -> G R1]']",0.48499137027416284,0.4,0.5
6,1.0,"[32, 45, 32, 45, 46, 54]","['[G C1 -> G L1]', '[R R2 -> R C1]', '[R C1 -> R R2]', '[R R2 -> R C1]', '[B R1 -> B C2]', '[G L1 -> G R1]']",0.4801414565714212,0.4,0.5
8,1.25,"[32, 33, 32, 33, 32, 45, 46, 54]","['[G C1 -> G L1]', '[G L1 -> G C1]', '[G C1 -> G L1]', '[G L1 -> G C1]', '[G C1 -> G L1]', '[R R2 -> R C1]', '[B R1 -> B C2]', '[G L1 -> G R1]']",0.475340042005707,0.4,0.5
14,1.25,"[34, 33, 32, 33, 34, 26, 34, 33, 32, 33, 32, 45, 46, 54]","['[R R2 -> R C2]', '[R C2 -> R R2]', '[G C1 -> G L1]', '[G L1 -> G C1]', '[R R2 -> R C2]', '[B R1 -> B L1]', '[B L1 -> B R1]', '[R C2 -> R R2]', '[G C1 -> G L1]', '[G L1 -> G C1]', '[G C1 -> G L1]', '[R R2 -> R C1]', '[B R1 -> B C2]', '[G L1 -> G R1]']",0.47058664158564995,0.4,0.5
4,100.25,"[32, 45, 46, 54]","['[G C1 -> G L1]', '[R R2 -> R C1]', '[B R1 -> B C2]', '[G L1 -> G R1]']",0.4658807751697934,0.4,0.5
6,1.25,"[32, 45, 43, 45, 46, 54]","['[G C1 -> G L1]', '[R R2 -> R C1]', '[G L1 -> G R2]', '[G R2 -> G L1]', '[B R1 -> B C2]', '[G L1 -> G R1]']",0.4612219674180955,0.4,0.5
8,1.25,"[35, 33, 34, 33, 32, 45, 46, 54]","['[R R2 -> R L1]', '[R L1 -> R R2]', '[R R2 -> R C2]', '[R C2 -> R R2]', '[G C1 -> G L1]', '[R R2 -> R C1]', '[B R1 -> B C2]', '[G L1 -> G R1]']",0.45660974774391455,0.4,0.5
5,1.25,"[31, 32, 45, 46, 54]","['[G C1 -> G R2]', '[G R2 -> G L1]', '[R R2 -> R C1]', '[B R1 -> B C2]', '[G L1 -> G R1]']",0.4520436502664754,0.4,0.5
13,1.25,"[31, 32, 45, 46, 45, 46, 45, 44, 45, 46, 45, 46, 54]","['[G C1 -> G R2]', '[G R2 -> G L1]', '[R R2 -> R C1]', '[B R1 -> B C2]', '[B C2 -> B R1]', '[B R1 -> B C2]', '[B C2 -> B R1]', '[G L1 -> G C2]', '[G C2 -> G L1]', '[B R1 -> B C2]', '[B C2 -> B R1]', '[B R1 -> B C2]', '[G L1 -> G R1]']",0.44752321376381066,0.4,0.5
6,1.25,"[35, 33, 32, 45, 46, 54]","['[R R2 -> R L1]', '[R L1 -> R R2]', '[G C1 -> G L1]', '[R R2 -> R C1]', '[B R1 -> B C2]', '[G L1 -> G R1]']",0.44304798162617254,0.4,0.5
7,1.25,"[34, 33, 31, 32, 45, 46, 54]","['[R R2 -> R C2]', '[R C2 -> R R2]', '[G C1 -> G R2]', '[G R2 -> G L1]', '[R R2 -> R C1]', '[B R1 -> B C2]', '[G L1 -> G R1]']",0.4386175018099108,0.4,0.5
7,1.25,"[31, 32, 45, 46, 45, 46, 54]","['[G C1 -> G R2]', '[G R2 -> G L1]', '[R R2 -> R C1]', '[B R1 -> B C2]', '[B C2 -> B R1]', '[B R1 -> B C2]', '[G L1 -> G R1]']",0.4342313267918117,0.4,0.5
4,100.25,"[32, 45, 46, 54]","['[G C1 -> G L1]', '[R R2 -> R C1]', '[B R1 -> B C2]', '[G L1 -> G R1]']",0.4298890135238936,0.4,0.5
10,1.25,"[32, 45, 43, 45, 44, 43, 44, 45, 46, 54]","['[G C1 -> G L1]', '[R R2 -> R C1]', '[G L1 -> G R2]', '[G R2 -> G L1]', '[G L1 -> G C2]', '[G C2 -> G R2]', '[G R2 -> G C2]', '[G C2 -> G L1]', '[B R1 -> B C2]', '[G L1 -> G R1]']",0.42559012338865465,0.4,0.5
10,1.0,"[35, 36, 35, 33, 32, 31, 32, 45, 46, 54]","['[R R2 -> R L1]', '[B R1 -> B C2]', '[B C2 -> B R1]', '[R L1 -> R R2]', '[G C1 -> G L1]', '[G L1 -> G R2]', '[G R2 -> G L1]', '[R R2 -> R C1]', '[B R1 -> B C2]', '[G L1 -> G R1]']",0.4213342221547681,0.4,0.5
13,1.25,"[34, 33, 34, 26, 25, 26, 34, 35, 42, 43, 45, 46, 54]","['[R R2 -> R C2]', '[R C2 -> R R2]', '[R R2 -> R C2]', '[B R1 -> B L1]', '[R C2 -> R R1]', '[R R1 -> R C2]', '[B L1 -> B R1]', '[R C2 -> R L1]', '[G C1 -> G R2]', '[R L1 -> R C1]', '[G R2 -> G L1]', '[B R1 -> B C2]', '[G L1 -> G R1]']",0.41712087993322045,0.4,0.5
8,1.25,"[35, 33, 35, 33, 32, 45, 46, 54]","['[R R2 -> R L1]', '[R L1 -> R R2]', '[R R2 -> R L1]', '[R L1 -> R R2]', '[G C1 -> G L1]', '[R R2 -> R C1]', '[B R1 -> B C2]', '[G L1 -> G R1]']",0.41294967113388825,0.4,0.5
23,1.0,"[34, 33, 35, 33, 35, 33, 35, 34, 33, 35, 42, 43, 45, 32, 45, 44, 45, 46, 45, 44, 45, 46, 54]","['[R R2 -> R C2]', '[R C2 -> R R2]', '[R R2 -> R L1]', '[R L1 -> R R2]', '[R R2 -> R L1]', '[R L1 -> R R2]', '[R R2 -> R L1]', '[R L1 -> R C2]', '[R C2 -> R R2]', '[R R2 -> R L1]', '[G C1 -> G R2]', '[R L1 -> R C1]', '[G R2 -> G L1]', '[R C1 -> R R2]', '[R R2 -> R C1]', '[G L1 -> G C2]', '[G C2 -> G L1]', '[B R1 -> B C2]', '[B C2 -> B R1]', '[G L1 -> G C2]', '[G C2 -> G L1]', '[B R1 -> B C2]', '[G L1 -> G R1]']",0.40882017442254937,0.4,0.5
9,1.25,"[32, 45, 44, 43, 45, 44, 45, 46, 54]","['[G C1 -> G L1]', '[R R2 -> R C1]', '[G L1 -> G C2]', '[G C2 -> G R2]', '[G R2 -> G L1]', '[G L1 -> G C2]', '[G C2 -> G L1]', '[B R1 -> B C2]', '[G L1 -> G R1]']",0.4047319726783239,0.4,0.5
4,100.25,"[32, 45, 46, 54]","['[G C1 -> G L1]', '[R R2 -> R C1]', '[B R1 -> B C2]', '[G L1 -> G R1]']",0.40068465295154065,0.4,0.5
9,1.25,"[32, 31, 33, 32, 33, 32, 45, 46, 54]","['[G C1 -> G L1]', '[G L1 -> G R2]', '[G R2 -> G C1]', '[G C1 -> G L1]', '[G L1 -> G C1]', '[G C1 -> G L1]', '[R R2 -> R C1]', '[B R1 -> B C2]', '[G L1 -> G R1]']",0.39667780642202527,0.4,0.5
4,100.25,"[32, 45, 46, 54]","['[G C1 -> G L1]', '[R R2 -> R C1]', '[B R1 -> B C2]', '[G L1 -> G R1]']",0.392711028357805,0.4,0.5
8,1.0,"[32, 45, 43, 45, 32, 45, 46, 54]","['[G C1 -> G L1]', '[R R2 -> R C1]', '[G L1 -> G R2]', '[G R2 -> G L1]', '[R C1 -> R R2]', '[R R2 -> R C1]', '[B R1 -> B C2]', '[G L1 -> G R1]']",0.38878391807422696,0.4,0.5
4,100.25,"[32, 45, 46, 54]","['[G C1 -> G L1]', '[R R2 -> R C1]', '[B R1 -> B C2]', '[G L1 -> G R1]']",0.3848960788934847,0.4,0.5
12,1.0,"[32, 45, 32, 45, 44, 45, 44, 56, 44, 45, 46, 54]","['[G C1 -> G L1]', '[R R2 -> R C1]', '[R C1 -> R R2]', '[R R2 -> R C1]', '[G L1 -> G C2]', '[G C2 -> G L1]', '[G L1 -> G C2]', '[B R1 -> B L1]', '[B L1 -> B R1]', '[G C2 -> G L1]', '[B R1 -> B C2]', '[G L1 -> G R1]']",0.38104711810454983,0.4,0.5
4,100.25,"[32, 45, 46, 54]","['[G C1 -> G L1]', '[R R2 -> R C1]', '[B R1 -> B C2]', '[G L1 -> G R1]']",0.37723664692350434,0.4,0.5
6,1.25,"[35, 33, 32, 45, 46, 54]","['[R R2 -> R L1]', '[R L1 -> R R2]', '[G C1 -> G L1]', '[R R2 -> R C1]', '[B R1 -> B C2]', '[G L1 -> G R1]']",0.37346428045426927,0.4,0.5
6,1.25,"[34, 33, 32, 45, 46, 54]","['[R R2 -> R C2]', '[R C2 -> R R2]', '[G C1 -> G L1]', '[R R2 -> R C1]', '[B R1 -> B C2]', '[G L1 -> G R1]']",0.36972963764972655,0.4,0.5
6,1.25,"[32, 33, 32, 45, 46, 54]","['[G C1 -> G L1]', '[G L1 -> G C1]', '[G C1 -> G L1]', '[R R2 -> R C1]', '[B R1 -> B C2]', '[G L1 -> G R1]']",0.36603234127322926,0.4,0.5
4,100.25,"[32, 45, 46, 54]","['[G C1 -> G L1]', '[R R2 -> R C1]', '[B R1 -> B C2]', '[G L1 -> G R1]']",0.36237201786049694,0.4,0.5
7,1.25,"[31, 32, 31, 32, 45, 46, 54]","['[G C1 -> G R2]', '[G R2 -> G L1]', '[G L1 -> G R2]', '[G R2 -> G L1]', '[R R2 -> R C1]', '[B R1 -> B C2]', '[G L1 -> G R1]']",0.358748297681892,0.4,0.5
11,1.25,"[32, 45, 43, 45, 44, 43, 45, 46, 45, 46, 54]","['[G C1 -> G L1]', '[R R2 -> R C1]', '[G L1 -> G R2]', '[G R2 -> G L1]', '[G L1 -> G C2]', '[G C2 -> G R2]', '[G R2 -> G L1]', '[B R1 -> B C2]', '[B C2 -> B R1]', '[B R1 -> B C2]', '[G L1 -> G R1]']",0.35516081470507305,0.4,0.5
6,1.25,"[34, 33, 32, 45, 46, 54]","['[R R2 -> R C2]', '[R C2 -> R R2]', '[G C1 -> G L1]', '[R R2 -> R C1]', '[B R1 -> B C2]', '[G L1 -> G R1]']",0.3516092065580223,0.4,0.5
4,100.25,"[32, 45, 46, 54]","['[G C1 -> G L1]', '[R R2 -> R C1]', '[B R1 -> B C2]', '[G L1 -> G R1]']",0.34809311449244207,0.4,0.5
10,1.25,"[31, 33, 35, 33, 32, 45, 46, 45, 46, 54]","['[G C1 -> G R2]', '[G R2 -> G C1]', '[R R2 -> R L1]', '[R L1 -> R R2]', '[G C1 -> G L1]', '[R R2 -> R C1]', '[B R1 -> B C2]', '[B C2 -> B R1]', '[B R1 -> B C2]', '[G L1 -> G R1]']",0.34461218334751764,0.4,0.5
4,100.25,"[32, 45, 46, 54]","['[G C1 -> G L1]', '[R R2 -> R C1]', '[B R1 -> B C2]', '[G L1 -> G R1]']",0.34116606151404244,0.4,0.5
4,100.25,"[32, 45, 46, 54]","['[G C1 -> G L1]', '[R R2 -> R C1]', '[B R1 -> B C2]', '[G L1 -> G R1]']",0.337754400898902,0.4,0.5
4,100.25,"[32, 45, 46, 54]","['[G C1 -> G L1]', '[R R2 -> R C1]', '[B R1 -> B C2]', '[G L1 -> G R1]']",0.334376856889913,0.4,0.5
9,1.25,"[35, 33, 32, 31, 33, 32, 45, 46, 54]","['[R R2 -> R L1]', '[R L1 -> R R2]', '[G C1 -> G L1]', '[G L1 -> G R2]', '[G R2 -> G C1]', '[G C1 -> G L1]', '[R R2 -> R C1]', '[B R1 -> B C2]', '[G L1 -> G R1]']",0.33103308832101386,0.4,0.5
10,1.25,"[32, 31, 32, 45, 43, 45, 44, 45, 46, 54]","['[G C1 -> G L1]', '[G L1 -> G R2]', '[G R2 -> G L1]', '[R R2 -> R C1]', '[G L1 -> G R2]', '[G R2 -> G L1]', '[G L1 -> G C2]', '[G C2 -> G L1]', '[B R1 -> B C2]', '[G L1 -> G R1]']",0.3277227574378037,0.4,0.5
9,1.25,"[32, 31, 33, 35, 33, 32, 45, 46, 54]","['[G C1 -> G L1]', '[G L1 -> G R2]', '[G R2 -> G C1]', '[R R2 -> R L1]', '[R L1 -> R R2]', '[G C1 -> G L1]', '[R R2 -> R C1]', '[B R1 -> B C2]', '[G L1 -> G R1]']",0.3244455298634257,0.4,0.5
8,1.0,"[32, 45, 32, 45, 46, 45, 46, 54]","['[G C1 -> G L1]', '[R R2 -> R C1]', '[R C1 -> R R2]', '[R R2 -> R C1]', '[B R1 -> B C2]', '[B C2 -> B R1]', '[B R1 -> B C2]', '[G L1 -> G R1]']",0.3212010745647914,0.4,0.5
6,1.25,"[32, 33, 32, 45, 46, 54]","['[G C1 -> G L1]', '[G L1 -> G C1]', '[G C1 -> G L1]', '[R R2 -> R C1]', '[B R1 -> B C2]', '[G L1 -> G R1]']",0.3179890638191435,0.4,0.5
4,100.25,"[32, 45, 46, 54]","['[G C1 -> G L1]', '[R R2 -> R C1]', '[B R1 -> B C2]', '[G L1 -> G R1]']",0.31480917318095203,0.4,0.5
7,1.25,"[32, 45, 44, 43, 45, 46, 54]","['[G C1 -> G L1]', '[R R2 -> R C1]', '[G L1 -> G C2]', '[G C2 -> G R2]', '[G R2 -> G L1]', '[B R1 -> B C2]', '[G L1 -> G R1]']",0.3116610814491425,0.4,0.5
8,1.25,"[34, 33, 32, 31, 32, 45, 46, 54]","['[R R2 -> R C2]', '[R C2 -> R R2]', '[G C1 -> G L1]', '[G L1 -> G R2]', '[G R2 -> G L1]', '[R R2 -> R C1]', '[B R1 -> B C2]', '[G L1 -> G R1]']",0.30854447063465107,0.4,0.5
8,1.25,"[31, 32, 33, 31, 32, 45, 46, 54]","['[G C1 -> G R2]', '[G R2 -> G L1]', '[G L1 -> G C1]', '[G C1 -> G R2]', '[G R2 -> G L1]', '[R R2 -> R C1]', '[B R1 -> B C2]', '[G L1 -> G R1]']",0.30545902592830454,0.4,0.5
4,100.25,"[32, 45, 46, 54]","['[G C1 -> G L1]', '[R R2 -> R C1]', '[B R1 -> B C2]', '[G L1 -> G R1]']",0.3024044356690215,0.4,0.5
4,100.25,"[32, 45, 46, 54]","['[G C1 -> G L1]', '[R R2 -> R C1]', '[B R1 -> B C2]', '[G L1 -> G R1]']",0.29938039131233124,0.4,0.5
4,100.25,"[32, 45, 46, 54]","['[G C1 -> G L1]', '[R R2 -> R C1]', '[B R1 -> B C2]', '[G L1 -> G R1]']",0.2963865873992079,0.4,0.5
10,1.25,"[35, 33, 31, 33, 32, 31, 32, 45, 46, 54]","['[R R2 -> R L1]', '[R L1 -> R R2]', '[G C1 -> G R2]', '[G R2 -> G C1]', '[G C1 -> G L1]', '[G L1 -> G R2]', '[G R2 -> G L1]', '[R R2 -> R C1]', '[B R1 -> B C2]', '[G L1 -> G R1]']",0.29342272152521587,0.4,0.5
4,100.25,"[32, 45, 46, 54]","['[G C1 -> G L1]', '[R R2 -> R C1]', '[B R1 -> B C2]', '[G L1 -> G R1]']",0.2904884943099637,0.4,0.5
4,100.25,"[32, 45, 46, 54]","['[G C1 -> G L1]', '[R R2 -> R C1]', '[B R1 -> B C2]', '[G L1 -> G R1]']",0.28758360936686406,0.4,0.5
4,100.25,"[32, 45, 46, 54]","['[G C1 -> G L1]', '[R R2 -> R C1]', '[B R1 -> B C2]', '[G L1 -> G R1]']",0.2847077732731954,0.4,0.5
12,1.0,"[32, 31, 32, 45, 32, 33, 35, 33, 32, 45, 46, 54]","['[G C1 -> G L1]', '[G L1 -> G R2]', '[G R2 -> G L1]', '[R R2 -> R C1]', '[R C1 -> R R2]', '[G L1 -> G C1]', '[R R2 -> R L1]', '[R L1 -> R R2]', '[G C1 -> G L1]', '[R R2 -> R C1]', '[B R1 -> B C2]', '[G L1 -> G R1]']",0.28186069554046345,0.4,0.5
11,1.25,"[32, 45, 46, 45, 46, 45, 44, 43, 45, 46, 54]","['[G C1 -> G L1]', '[R R2 -> R C1]', '[B R1 -> B C2]', '[B C2 -> B R1]', '[B R1 -> B C2]', '[B C2 -> B R1]', '[G L1 -> G C2]', '[G C2 -> G R2]', '[G R2 -> G L1]', '[B R1 -> B C2]', '[G L1 -> G R1]']",0.2790420885850588,0.4,0.5
4,100.25,"[32, 45, 46, 54]","['[G C1 -> G L1]', '[R R2 -> R C1]', '[B R1 -> B C2]', '[G L1 -> G R1]']",0.2762516676992082,0.4,0.5
4,100.25,"[32, 45, 46, 54]","['[G C1 -> G L1]', '[R R2 -> R C1]', '[B R1 -> B C2]', '[G L1 -> G R1]']",0.27348915102221616,0.4,0.5
4,100.25,"[32, 45, 46, 54]","['[G C1 -> G L1]', '[R R2 -> R C1]', '[B R1 -> B C2]', '[G L1 -> G R1]']",0.270754259511994,0.4,0.5
4,100.25,"[32, 45, 46, 54]","['[G C1 -> G L1]', '[R R2 -> R C1]', '[B R1 -> B C2]', '[G L1 -> G R1]']",0.26804671691687404,0.4,0.5
4,100.25,"[32, 45, 46, 54]","['[G C1 -> G L1]', '[R R2 -> R C1]', '[B R1 -> B C2]', '[G L1 -> G R1]']",0.2653662497477053,0.4,0.5
6,1.25,"[32, 45, 46, 45, 46, 54]","['[G C1 -> G L1]', '[R R2 -> R C1]', '[B R1 -> B C2]', '[B C2 -> B R1]', '[B R1 -> B C2]', '[G L1 -> G R1]']",0.2627125872502282,0.4,0.5
4,100.25,"[32, 45, 46, 54]","['[G C1 -> G L1]', '[R R2 -> R C1]', '[B R1 -> B C2]', '[G L1 -> G R1]']",0.2600854613777259,0.4,0.5
12,1.0,"[32, 33, 32, 45, 44, 56, 44, 45, 32, 45, 46, 54]","['[G C1 -> G L1]', '[G L1 -> G C1]', '[G C1 -> G L1]', '[R R2 -> R C1]', '[G L1 -> G C2]', '[B R1 -> B L1]', '[B L1 -> B R1]', '[G C2 -> G L1]', '[R C1 -> R R2]', '[R R2 -> R C1]', '[B R1 -> B C2]', '[G L1 -> G R1]']",0.2574846067639487,0.4,0.5
6,1.25,"[34, 33, 32, 45, 46, 54]","['[R R2 -> R C2]', '[R C2 -> R R2]', '[G C1 -> G L1]', '[R R2 -> R C1]', '[B R1 -> B C2]', '[G L1 -> G R1]']",0.2549097606963092,0.4,0.5
4,100.25,"[32, 45, 46, 54]","['[G C1 -> G L1]', '[R R2 -> R C1]', '[B R1 -> B C2]', '[G L1 -> G R1]']",0.2523606630893461,0.4,0.5
7,1.25,"[31, 32, 31, 32, 45, 46, 54]","['[G C1 -> G R2]', '[G R2 -> G L1]', '[G L1 -> G R2]', '[G R2 -> G L1]', '[R R2 -> R C1]', '[B R1 -> B C2]', '[G L1 -> G R1]']",0.24983705645845267,0.4,0.5
11,1.25,"[35, 34, 33, 32, 33, 32, 45, 43, 45, 46, 54]","['[R R2 -> R L1]', '[R L1 -> R C2]', '[R C2 -> R R2]', '[G C1 -> G L1]', '[G L1 -> G C1]', '[G C1 -> G L1]', '[R R2 -> R C1]', '[G L1 -> G R2]', '[G R2 -> G L1]', '[B R1 -> B C2]', '[G L1 -> G R1]']",0.24733868589386815,0.4,0.5
4,100.25,"[32, 45, 46, 54]","['[G C1 -> G L1]', '[R R2 -> R C1]', '[B R1 -> B C2]', '[G L1 -> G R1]']",0.24486529903492946,0.4,0.5
6,1.25,"[32, 33, 32, 45, 46, 54]","['[G C1 -> G L1]', '[G L1 -> G C1]', '[G C1 -> G L1]', '[R R2 -> R C1]', '[B R1 -> B C2]', '[G L1 -> G R1]']",0.24241664604458016,0.4,0.5
4,100.25,"[32, 45, 46, 54]","['[G C1 -> G L1]', '[R R2 -> R C1]', '[B R1 -> B C2]', '[G L1 -> G R1]']",0.23999247958413436,0.4,0.5
4,100.25,"[32, 45, 46, 54]","['[G C1 -> G L1]', '[R R2 -> R C1]', '[B R1 -> B C2]', '[G L1 -> G R1]']",0.23759255478829303,0.4,0.5
8,1.25,"[35, 42, 43, 45, 44, 45, 46, 54]","['[R R2 -> R L1]', '[G C1 -> G R2]', '[R L1 -> R C1]', '[G R2 -> G L1]', '[G L1 -> G C2]', '[G C2 -> G L1]', '[B R1 -> B C2]', '[G L1 -> G R1]']",0.2352166292404101,0.4,0.5
6,1.0,"[32, 45, 32, 45, 46, 54]","['[G C1 -> G L1]', '[R R2 -> R C1]', '[R C1 -> R R2]', '[R R2 -> R C1]', '[B R1 -> B C2]', '[G L1 -> G R1]']",0.232864462948006,0.4,0.5
6,1.25,"[32, 45, 43, 45, 46, 54]","['[G C1 -> G L1]', '[R R2 -> R C1]', '[G L1 -> G R2]', '[G R2 -> G L1]', '[B R1 -> B C2]', '[G L1 -> G R1]']",0.23053581831852593,0.4,0.5
4,100.25,"[32, 45, 46, 54]","['[G C1 -> G L1]', '[R R2 -> R C1]', '[B R1 -> B C2]', '[G L1 -> G R1]']",0.22823046013534068,0.4,0.5
6,1.0,"[32, 45, 32, 45, 46, 54]","['[G C1 -> G L1]', '[R R2 -> R C1]', '[R C1 -> R R2]', '[R R2 -> R C1]', '[B R1 -> B C2]', '[G L1 -> G R1]']",0.22594815553398728,0.4,0.5
7,1.25,"[31, 32, 45, 43, 45, 46, 54]","['[G C1 -> G R2]', '[G R2 -> G L1]', '[R R2 -> R C1]', '[G L1 -> G R2]', '[G R2 -> G L1]', '[B R1 -> B C2]', '[G L1 -> G R1]']",0.22368867397864742,0.4,0.5
4,100.25,"[32, 45, 46, 54]","['[G C1 -> G L1]', '[R R2 -> R C1]', '[B R1 -> B C2]', '[G L1 -> G R1]']",0.22145178723886094,0.4,0.5
6,1.25,"[35, 33, 32, 45, 46, 54]","['[R R2 -> R L1]', '[R L1 -> R R2]', '[G C1 -> G L1]', '[R R2 -> R C1]', '[B R1 -> B C2]', '[G L1 -> G R1]']",0.21923726936647234,0.4,0.5
4,100.25,"[32, 45, 46, 54]","['[G C1 -> G L1]', '[R R2 -> R C1]', '[B R1 -> B C2]', '[G L1 -> G R1]']",0.2170448966728076,0.4,0.5
5,1.25,"[31, 32, 45, 46, 54]","['[G C1 -> G R2]', '[G R2 -> G L1]', '[R R2 -> R C1]', '[B R1 -> B C2]', '[G L1 -> G R1]']",0.21487444770607952,0.4,0.5
4,100.25,"[32, 45, 46, 54]","['[G C1 -> G L1]', '[R R2 -> R C1]', '[B R1 -> B C2]', '[G L1 -> G R1]']",0.21272570322901874,0.4,0.5
4,100.25,"[32, 45, 46, 54]","['[G C1 -> G L1]', '[R R2 -> R C1]', '[B R1 -> B C2]', '[G L1 -> G R1]']",0.21059844619672854,0.4,0.5
12,1.25,"[35, 33, 32, 31, 32, 33, 32, 45, 46, 45, 46, 54]","['[R R2 -> R L1]', '[R L1 -> R R2]', '[G C1 -> G L1]', '[G L1 -> G R2]', '[G R2 -> G L1]', '[G L1 -> G C1]', '[G C1 -> G L1]', '[R R2 -> R C1]', '[B R1 -> B C2]', '[B C2 -> B R1]', '[B R1 -> B C2]', '[G L1 -> G R1]']",0.20849246173476127,0.4,0.5
5,1.25,"[31, 32, 45, 46, 54]","['[G C1 -> G R2]', '[G R2 -> G L1]', '[R R2 -> R C1]', '[B R1 -> B C2]', '[G L1 -> G R1]']",0.20640753711741366,0.4,0.5
6,1.0,"[32, 45, 32, 45, 46, 54]","['[G C1 -> G L1]', '[R R2 -> R C1]', '[R C1 -> R R2]', '[R R2 -> R C1]', '[B R1 -> B C2]', '[G L1 -> G R1]']",0.20434346174623952,0.4,0.5
4,100.25,"[32, 45, 46, 54]","['[G C1 -> G L1]', '[R R2 -> R C1]', '[B R1 -> B C2]', '[G L1 -> G R1]']",0.20230002712877712,0.4,0.5
7,1.25,"[31, 32, 45, 46, 45, 46, 54]","['[G C1 -> G R2]', '[G R2 -> G L1]', '[R R2 -> R C1]', '[B R1 -> B C2]', '[B C2 -> B R1]', '[B R1 -> B C2]', '[G L1 -> G R1]']",0.20027702685748935,0.4,0.5
6,1.25,"[32, 45, 46, 45, 46, 54]","['[G C1 -> G L1]', '[R R2 -> R C1]', '[B R1 -> B C2]', '[B C2 -> B R1]', '[B R1 -> B C2]', '[G L1 -> G R1]']",0.19827425658891445,0.4,0.5
6,1.25,"[32, 33, 32, 45, 46, 54]","['[G C1 -> G L1]', '[G L1 -> G C1]', '[G C1 -> G L1]', '[R R2 -> R C1]', '[B R1 -> B C2]', '[G L1 -> G R1]']",0.1962915140230253,0.4,0.5
4,100.25,"[32, 45, 46, 54]","['[G C1 -> G L1]', '[R R2 -> R C1]', '[B R1 -> B C2]', '[G L1 -> G R1]']",0.19432859888279505,0.4,0.5
9,1.25,"[34, 33, 31, 32, 31, 32, 45, 46, 54]","['[R R2 -> R C2]', '[R C2 -> R R2]', '[G C1 -> G R2]', '[G R2 -> G L1]', '[G L1 -> G R2]', '[G R2 -> G L1]', '[R R2 -> R C1]', '[B R1 -> B C2]', '[G L1 -> G R1]']",0.1923853128939671,0.4,0.5
6,1.25,"[32, 45, 44, 45, 46, 54]","['[G C1 -> G L1]', '[R R2 -> R C1]', '[G L1 -> G C2]', '[G C2 -> G L1]', '[B R1 -> B C2]', '[G L1 -> G R1]']",0.19046145976502743,0.4,0.5
4,100.25,"[32, 45, 46, 54]","['[G C1 -> G L1]', '[R R2 -> R C1]', '[B R1 -> B C2]', '[G L1 -> G R1]']",0.18855684516737714,0.4,0.5
4,100.25,"[32, 45, 46, 54]","['[G C1 -> G L1]', '[R R2 -> R C1]', '[B R1 -> B C2]', '[G L1 -> G R1]']",0.18667127671570335,0.4,0.5
4,100.25,"[32, 45, 46, 54]","['[G C1 -> G L1]', '[R R2 -> R C1]', '[B R1 -> B C2]', '[G L1 -> G R1]']",0.18480456394854633,0.4,0.5
6,1.25,"[32, 45, 46, 45, 46, 54]","['[G C1 -> G L1]', '[R R2 -> R C1]', '[B R1 -> B C2]', '[B C2 -> B R1]', '[B R1 -> B C2]', '[G L1 -> G R1]']",0.18295651830906087,0.4,0.5
4,100.25,"[32, 45, 46, 54]","['[G C1 -> G L1]', '[R R2 -> R C1]', '[B R1 -> B C2]', '[G L1 -> G R1]']",0.18112695312597027,0.4,0.5
6,1.25,"[32, 33, 32, 45, 46, 54]","['[G C1 -> G L1]', '[G L1 -> G C1]', '[G C1 -> G L1]', '[R R2 -> R C1]', '[B R1 -> B C2]', '[G L1 -> G R1]']",0.17931568359471056,0.4,0.5
4,100.25,"[32, 45, 46, 54]","['[G C1 -> G L1]', '[R R2 -> R C1]', '[B R1 -> B C2]', '[G L1 -> G R1]']",0.17752252675876345,0.4,0.5
4,100.25,"[32, 45, 46, 54]","['[G C1 -> G L1]', '[R R2 -> R C1]', '[B R1 -> B C2]', '[G L1 -> G R1]']",0.17574730149117582,0.4,0.5
6,1.25,"[32, 45, 46, 45, 46, 54]","['[G C1 -> G L1]', '[R R2 -> R C1]', '[B R1 -> B C2]', '[B C2 -> B R1]', '[B R1 -> B C2]', '[G L1 -> G R1]']",0.17398982847626407,0.4,0.5
4,100.25,"[32, 45, 46, 54]","['[G C1 -> G L1]', '[R R2 -> R C1]', '[B R1 -> B C2]', '[G L1 -> G R1]']",0.17224993019150142,0.4,0.5
5,1.25,"[31, 32, 45, 46, 54]","['[G C1 -> G R2]', '[G R2 -> G L1]', '[R R2 -> R C1]', '[B R1 -> B C2]', '[G L1 -> G R1]']",0.1705274308895864,0.4,0.5
6,1.25,"[32, 33, 32, 45, 46, 54]","['[G C1 -> G L1]', '[G L1 -> G C1]', '[G C1 -> G L1]', '[R R2 -> R C1]', '[B R1 -> B C2]', '[G L1 -> G R1]']",0.16882215658069055,0.4,0.5
6,1.25,"[32, 33, 32, 45, 46, 54]","['[G C1 -> G L1]', '[G L1 -> G C1]', '[G C1 -> G L1]', '[R R2 -> R C1]', '[B R1 -> B C2]', '[G L1 -> G R1]']",0.16713393501488363,0.4,0.5
4,100.25,"[32, 45, 46, 54]","['[G C1 -> G L1]', '[R R2 -> R C1]', '[B R1 -> B C2]', '[G L1 -> G R1]']",0.16546259566473479,0.4,0.5
4,100.25,"[32, 45, 46, 54]","['[G C1 -> G L1]', '[R R2 -> R C1]', '[B R1 -> B C2]', '[G L1 -> G R1]']",0.16380796970808745,0.4,0.5
4,100.25,"[32, 45, 46, 54]","['[G C1 -> G L1]', '[R R2 -> R C1]', '[B R1 -> B C2]', '[G L1 -> G R1]']",0.16216989001100657,0.4,0.5
4,100.25,"[32, 45, 46, 54]","['[G C1 -> G L1]', '[R R2 -> R C1]', '[B R1 -> B C2]', '[G L1 -> G R1]']",0.1605481911108965,0.4,0.5
6,1.0,"[32, 45, 32, 45, 46, 54]","['[G C1 -> G L1]', '[R R2 -> R C1]', '[R C1 -> R R2]', '[R R2 -> R C1]', '[B R1 -> B C2]', '[G L1 -> G R1]']",0.15894270919978754,0.4,0.5
6,1.25,"[32, 45, 46, 45, 46, 54]","['[G C1 -> G L1]', '[R R2 -> R C1]', '[B R1 -> B C2]', '[B C2 -> B R1]', '[B R1 -> B C2]', '[G L1 -> G R1]']",0.15735328210778965,0.4,0.5
4,100.25,"[32, 45, 46, 54]","['[G C1 -> G L1]', '[R R2 -> R C1]', '[B R1 -> B C2]', '[G L1 -> G R1]']",0.15577974928671176,0.4,0.5
8,1.0,"[32, 45, 32, 31, 32, 45, 46, 54]","['[G C1 -> G L1]', '[R R2 -> R C1]', '[R C1 -> R R2]', '[G L1 -> G R2]', '[G R2 -> G L1]', '[R R2 -> R C1]', '[B R1 -> B C2]', '[G L1 -> G R1]']",0.15422195179384465,0.4,0.5
9,1.25,"[31, 32, 33, 32, 45, 43, 45, 46, 54]","['[G C1 -> G R2]', '[G R2 -> G L1]', '[G L1 -> G C1]', '[G C1 -> G L1]', '[R R2 -> R C1]', '[G L1 -> G R2]', '[G R2 -> G L1]', '[B R1 -> B C2]', '[G L1 -> G R1]']",0.1526797322759062,0.4,0.5
10,1.0,"[32, 45, 32, 31, 32, 31, 32, 45, 46, 54]","['[G C1 -> G L1]', '[R R2 -> R C1]', '[R C1 -> R R2]', '[G L1 -> G R2]', '[G R2 -> G L1]', '[G L1 -> G R2]', '[G R2 -> G L1]', '[R R2 -> R C1]', '[B R1 -> B C2]', '[G L1 -> G R1]']",0.15115293495314713,0.4,0.5
9,1.25,"[32, 31, 33, 32, 45, 46, 45, 46, 54]","['[G C1 -> G L1]', '[G L1 -> G R2]', '[G R2 -> G C1]', '[G C1 -> G L1]', '[R R2 -> R C1]', '[B R1 -> B C2]', '[B C2 -> B R1]', '[B R1 -> B C2]', '[G L1 -> G R1]']",0.14964140560361566,0.4,0.5
11,1.25,"[35, 33, 31, 32, 31, 32, 33, 32, 45, 46, 54]","['[R R2 -> R L1]', '[R L1 -> R R2]', '[G C1 -> G R2]', '[G R2 -> G L1]', '[G L1 -> G R2]', '[G R2 -> G L1]', '[G L1 -> G C1]', '[G C1 -> G L1]', '[R R2 -> R C1]', '[B R1 -> B C2]', '[G L1 -> G R1]']",0.1481449915475795,0.4,0.5
4,100.25,"[32, 45, 46, 54]","['[G C1 -> G L1]', '[R R2 -> R C1]', '[B R1 -> B C2]', '[G L1 -> G R1]']",0.1466635416321037,0.4,0.5
6,1.25,"[32, 31, 32, 45, 46, 54]","['[G C1 -> G L1]', '[G L1 -> G R2]', '[G R2 -> G L1]', '[R R2 -> R C1]', '[B R1 -> B C2]', '[G L1 -> G R1]']",0.14519690621578268,0.4,0.5
8,1.0,"[32, 45, 32, 33, 32, 45, 46, 54]","['[G C1 -> G L1]', '[R R2 -> R C1]', '[R C1 -> R R2]', '[G L1 -> G C1]', '[G C1 -> G L1]', '[R R2 -> R C1]', '[B R1 -> B C2]', '[G L1 -> G R1]']",0.14374493715362485,0.4,0.5
4,100.25,"[32, 45, 46, 54]","['[G C1 -> G L1]', '[R R2 -> R C1]', '[B R1 -> B C2]', '[G L1 -> G R1]']",0.1423074877820886,0.4,0.5
4,100.25,"[32, 45, 46, 54]","['[G C1 -> G L1]', '[R R2 -> R C1]', '[B R1 -> B C2]', '[G L1 -> G R1]']",0.1408844129042677,0.4,0.5
6,1.25,"[32, 45, 46, 45, 46, 54]","['[G C1 -> G L1]', '[R R2 -> R C1]', '[B R1 -> B C2]', '[B C2 -> B R1]', '[B R1 -> B C2]', '[G L1 -> G R1]']",0.13947556877522502,0.4,0.5
4,100.25,"[32, 45, 46, 54]","['[G C1 -> G L1]', '[R R2 -> R C1]', '[B R1 -> B C2]', '[G L1 -> G R1]']",0.13808081308747278,0.4,0.5
4,100.25,"[32, 45, 46, 54]","['[G C1 -> G L1]', '[R R2 -> R C1]', '[B R1 -> B C2]', '[G L1 -> G R1]']",0.13670000495659804,0.4,0.5
4,100.25,"[32, 45, 46, 54]","['[G C1 -> G L1]', '[R R2 -> R C1]', '[B R1 -> B C2]', '[G L1 -> G R1]']",0.13533300490703207,0.4,0.5
7,1.25,"[35, 42, 43, 44, 45, 46, 54]","['[R R2 -> R L1]', '[G C1 -> G R2]', '[R L1 -> R C1]', '[G R2 -> G C2]', '[G C2 -> G L1]', '[B R1 -> B C2]', '[G L1 -> G R1]']",0.13397967485796175,0.4,0.5
6,1.25,"[32, 45, 43, 45, 46, 54]","['[G C1 -> G L1]', '[R R2 -> R C1]', '[G L1 -> G R2]', '[G R2 -> G L1]', '[B R1 -> B C2]', '[G L1 -> G R1]']",0.13263987810938213,0.4,0.5
4,100.25,"[32, 45, 46, 54]","['[G C1 -> G L1]', '[R R2 -> R C1]', '[B R1 -> B C2]', '[G L1 -> G R1]']",0.1313134793282883,0.4,0.5
4,100.25,"[32, 45, 46, 54]","['[G C1 -> G L1]', '[R R2 -> R C1]', '[B R1 -> B C2]', '[G L1 -> G R1]']",0.13000034453500542,0.4,0.5
4,100.25,"[32, 45, 46, 54]","['[G C1 -> G L1]', '[R R2 -> R C1]', '[B R1 -> B C2]', '[G L1 -> G R1]']",0.12870034108965536,0.4,0.5
4,100.25,"[32, 45, 46, 54]","['[G C1 -> G L1]', '[R R2 -> R C1]', '[B R1 -> B C2]', '[G L1 -> G R1]']",0.12741333767875881,0.4,0.5
4,100.25,"[32, 45, 46, 54]","['[G C1 -> G L1]', '[R R2 -> R C1]', '[B R1 -> B C2]', '[G L1 -> G R1]']",0.12613920430197123,0.4,0.5
4,100.25,"[32, 45, 46, 54]","['[G C1 -> G L1]', '[R R2 -> R C1]', '[B R1 -> B C2]', '[G L1 -> G R1]']",0.12487781225895152,0.4,0.5
4,100.25,"[32, 45, 46, 54]","['[G C1 -> G L1]', '[R R2 -> R C1]', '[B R1 -> B C2]', '[G L1 -> G R1]']",0.123629034136362,0.4,0.5
4,100.25,"[32, 45, 46, 54]","['[G C1 -> G L1]', '[R R2 -> R C1]', '[B R1 -> B C2]', '[G L1 -> G R1]']",0.12239274379499838,0.4,0.5
4,100.25,"[32, 45, 46, 54]","['[G C1 -> G L1]', '[R R2 -> R C1]', '[B R1 -> B C2]', '[G L1 -> G R1]']",0.1211688163570484,0.4,0.5
6,1.25,"[32, 45, 46, 45, 46, 54]","['[G C1 -> G L1]', '[R R2 -> R C1]', '[B R1 -> B C2]', '[B C2 -> B R1]', '[B R1 -> B C2]', '[G L1 -> G R1]']",0.11995712819347792,0.4,0.5
4,100.25,"[32, 45, 46, 54]","['[G C1 -> G L1]', '[R R2 -> R C1]', '[B R1 -> B C2]', '[G L1 -> G R1]']",0.11875755691154315,0.4,0.5
4,100.25,"[32, 45, 46, 54]","['[G C1 -> G L1]', '[R R2 -> R C1]', '[B R1 -> B C2]', '[G L1 -> G R1]']",0.11756998134242772,0.4,0.5
4,100.25,"[32, 45, 46, 54]","['[G C1 -> G L1]', '[R R2 -> R C1]', '[B R1 -> B C2]', '[G L1 -> G R1]']",0.11639428152900344,0.4,0.5
6,1.25,"[32, 45, 46, 45, 46, 54]","['[G C1 -> G L1]', '[R R2 -> R C1]', '[B R1 -> B C2]', '[B C2 -> B R1]', '[B R1 -> B C2]', '[G L1 -> G R1]']",0.11523033871371341,0.4,0.5
6,1.25,"[32, 45, 46, 45, 46, 54]","['[G C1 -> G L1]', '[R R2 -> R C1]', '[B R1 -> B C2]', '[B C2 -> B R1]', '[B R1 -> B C2]', '[G L1 -> G R1]']",0.11407803532657627,0.4,0.5
6,1.25,"[32, 31, 32, 45, 46, 54]","['[G C1 -> G L1]', '[G L1 -> G R2]', '[G R2 -> G L1]', '[R R2 -> R C1]', '[B R1 -> B C2]', '[G L1 -> G R1]']",0.11293725497331052,0.4,0.5
8,1.0,"[32, 45, 43, 42, 43, 45, 46, 54]","['[G C1 -> G L1]', '[R R2 -> R C1]', '[G L1 -> G R2]', '[R C1 -> R L1]', '[R L1 -> R C1]', '[G R2 -> G L1]', '[B R1 -> B C2]', '[G L1 -> G R1]']",0.1118078824235774,0.4,0.5
4,100.25,"[32, 45, 46, 54]","['[G C1 -> G L1]', '[R R2 -> R C1]', '[B R1 -> B C2]', '[G L1 -> G R1]']",0.11068980359934164,0.4,0.5
6,1.25,"[32, 33, 32, 45, 46, 54]","['[G C1 -> G L1]', '[G L1 -> G C1]', '[G C1 -> G L1]', '[R R2 -> R C1]', '[B R1 -> B C2]', '[G L1 -> G R1]']",0.10958290556334822,0.4,0.5
4,100.25,"[32, 45, 46, 54]","['[G C1 -> G L1]', '[R R2 -> R C1]', '[B R1 -> B C2]', '[G L1 -> G R1]']",0.10848707650771475,0.4,0.5
4,100.25,"[32, 45, 46, 54]","['[G C1 -> G L1]', '[R R2 -> R C1]', '[B R1 -> B C2]', '[G L1 -> G R1]']",0.1074022057426376,0.4,0.5
7,1.25,"[31, 32, 31, 32, 45, 46, 54]","['[G C1 -> G R2]', '[G R2 -> G L1]', '[G L1 -> G R2]', '[G R2 -> G L1]', '[R R2 -> R C1]', '[B R1 -> B C2]', '[G L1 -> G R1]']",0.10632818368521123,0.4,0.5
4,100.25,"[32, 45, 46, 54]","['[G C1 -> G L1]', '[R R2 -> R C1]', '[B R1 -> B C2]', '[G L1 -> G R1]']",0.10526490184835911,0.4,0.5
4,100.25,"[32, 45, 46, 54]","['[G C1 -> G L1]', '[R R2 -> R C1]', '[B R1 -> B C2]', '[G L1 -> G R1]']",0.10421225282987552,0.4,0.5
4,100.25,"[32, 45, 46, 54]","['[G C1 -> G L1]', '[R R2 -> R C1]', '[B R1 -> B C2]', '[G L1 -> G R1]']",0.10317013030157676,0.4,0.5
4,100.25,"[32, 45, 46, 54]","['[G C1 -> G L1]', '[R R2 -> R C1]', '[B R1 -> B C2]', '[G L1 -> G R1]']",0.10213842899856099,0.4,0.5
4,100.25,"[32, 45, 46, 54]","['[G C1 -> G L1]', '[R R2 -> R C1]', '[B R1 -> B C2]', '[G L1 -> G R1]']",0.10111704470857538,0.4,0.5
4,100.25,"[32, 45, 46, 54]","['[G C1 -> G L1]', '[R R2 -> R C1]', '[B R1 -> B C2]', '[G L1 -> G R1]']",0.10010587426148963,0.4,0.5
4,100.25,"[32, 45, 46, 54]","['[G C1 -> G L1]', '[R R2 -> R C1]', '[B R1 -> B C2]', '[G L1 -> G R1]']",0.09910481551887473,0.4,0.5
4,100.25,"[32, 45, 46, 54]","['[G C1 -> G L1]', '[R R2 -> R C1]', '[B R1 -> B C2]', '[G L1 -> G R1]']",0.09811376736368599,0.4,0.5
4,100.25,"[32, 45, 46, 54]","['[G C1 -> G L1]', '[R R2 -> R C1]', '[B R1 -> B C2]', '[G L1 -> G R1]']",0.09713262969004913,0.4,0.5
4,100.25,"[32, 45, 46, 54]","['[G C1 -> G L1]', '[R R2 -> R C1]', '[B R1 -> B C2]', '[G L1 -> G R1]']",0.09616130339314863,0.4,0.5
4,100.25,"[32, 45, 46, 54]","['[G C1 -> G L1]', '[R R2 -> R C1]', '[B R1 -> B C2]', '[G L1 -> G R1]']",0.09519969035921715,0.4,0.5
8,1.25,"[35, 33, 32, 45, 46, 45, 46, 54]","['[R R2 -> R L1]', '[R L1 -> R R2]', '[G C1 -> G L1]', '[R R2 -> R C1]', '[B R1 -> B C2]', '[B C2 -> B R1]', '[B R1 -> B C2]', '[G L1 -> G R1]']",0.09424769345562498,0.4,0.5
4,100.25,"[32, 45, 46, 54]","['[G C1 -> G L1]', '[R R2 -> R C1]', '[B R1 -> B C2]', '[G L1 -> G R1]']",0.09330521652106873,0.4,0.5
4,100.25,"[32, 45, 46, 54]","['[G C1 -> G L1]', '[R R2 -> R C1]', '[B R1 -> B C2]', '[G L1 -> G R1]']",0.09237216435585804,0.4,0.5
4,100.25,"[32, 45, 46, 54]","['[G C1 -> G L1]', '[R R2 -> R C1]', '[B R1 -> B C2]', '[G L1 -> G R1]']",0.09144844271229946,0.4,0.5
6,1.25,"[32, 33, 32, 45, 46, 54]","['[G C1 -> G L1]', '[G L1 -> G C1]', '[G C1 -> G L1]', '[R R2 -> R C1]', '[B R1 -> B C2]', '[G L1 -> G R1]']",0.09053395828517646,0.4,0.5
4,100.25,"[32, 45, 46, 54]","['[G C1 -> G L1]', '[R R2 -> R C1]', '[B R1 -> B C2]', '[G L1 -> G R1]']",0.08962861870232469,0.4,0.5
4,100.25,"[32, 45, 46, 54]","['[G C1 -> G L1]', '[R R2 -> R C1]', '[B R1 -> B C2]', '[G L1 -> G R1]']",0.08873233251530144,0.4,0.5
4,100.25,"[32, 45, 46, 54]","['[G C1 -> G L1]', '[R R2 -> R C1]', '[B R1 -> B C2]', '[G L1 -> G R1]']",0.08784500919014843,0.4,0.5
4,100.25,"[32, 45, 46, 54]","['[G C1 -> G L1]', '[R R2 -> R C1]', '[B R1 -> B C2]', '[G L1 -> G R1]']",0.08696655909824694,0.4,0.5
4,100.25,"[32, 45, 46, 54]","['[G C1 -> G L1]', '[R R2 -> R C1]', '[B R1 -> B C2]', '[G L1 -> G R1]']",0.08609689350726446,0.4,0.5
4,100.25,"[32, 45, 46, 54]","['[G C1 -> G L1]', '[R R2 -> R C1]', '[B R1 -> B C2]', '[G L1 -> G R1]']",0.08523592457219181,0.4,0.5
4,100.25,"[32, 45, 46, 54]","['[G C1 -> G L1]', '[R R2 -> R C1]', '[B R1 -> B C2]', '[G L1 -> G R1]']",0.0843835653264699,0.4,0.5
6,1.25,"[34, 33, 32, 45, 46, 54]","['[R R2 -> R C2]', '[R C2 -> R R2]', '[G C1 -> G L1]', '[R R2 -> R C1]', '[B R1 -> B C2]', '[G L1 -> G R1]']",0.0835397296732052,0.4,0.5
6,1.25,"[32, 31, 32, 45, 46, 54]","['[G C1 -> G L1]', '[G L1 -> G R2]', '[G R2 -> G L1]', '[R R2 -> R C1]', '[B R1 -> B C2]', '[G L1 -> G R1]']",0.08270433237647315,0.4,0.5
4,100.25,"[32, 45, 46, 54]","['[G C1 -> G L1]', '[R R2 -> R C1]', '[B R1 -> B C2]', '[G L1 -> G R1]']",0.08187728905270841,0.4,0.5
4,100.25,"[32, 45, 46, 54]","['[G C1 -> G L1]', '[R R2 -> R C1]', '[B R1 -> B C2]', '[G L1 -> G R1]']",0.08105851616218133,0.4,0.5
4,100.25,"[32, 45, 46, 54]","['[G C1 -> G L1]', '[R R2 -> R C1]', '[B R1 -> B C2]', '[G L1 -> G R1]']",0.08024793100055952,0.4,0.5
4,100.25,"[32, 45, 46, 54]","['[G C1 -> G L1]', '[R R2 -> R C1]', '[B R1 -> B C2]', '[G L1 -> G R1]']",0.07944545169055392,0.4,0.5
4,100.25,"[32, 45, 46, 54]","['[G C1 -> G L1]', '[R R2 -> R C1]', '[B R1 -> B C2]', '[G L1 -> G R1]']",0.07865099717364837,0.4,0.5
4,100.25,"[32, 45, 46, 54]","['[G C1 -> G L1]', '[R R2 -> R C1]', '[B R1 -> B C2]', '[G L1 -> G R1]']",0.07786448720191189,0.4,0.5
4,100.25,"[32, 45, 46, 54]","['[G C1 -> G L1]', '[R R2 -> R C1]', '[B R1 -> B C2]', '[G L1 -> G R1]']",0.07708584232989277,0.4,0.5
4,100.25,"[32, 45, 46, 54]","['[G C1 -> G L1]', '[R R2 -> R C1]', '[B R1 -> B C2]', '[G L1 -> G R1]']",0.07631498390659384,0.4,0.5
4,100.25,"[32, 45, 46, 54]","['[G C1 -> G L1]', '[R R2 -> R C1]', '[B R1 -> B C2]', '[G L1 -> G R1]']",0.07555183406752791,0.4,0.5
6,1.25,"[32, 31, 32, 45, 46, 54]","['[G C1 -> G L1]', '[G L1 -> G R2]', '[G R2 -> G L1]', '[R R2 -> R C1]', '[B R1 -> B C2]', '[G L1 -> G R1]']",0.07479631572685264,0.4,0.5
4,100.25,"[32, 45, 46, 54]","['[G C1 -> G L1]', '[R R2 -> R C1]', '[B R1 -> B C2]', '[G L1 -> G R1]']",0.07404835256958411,0.4,0.5
4,100.25,"[32, 45, 46, 54]","['[G C1 -> G L1]', '[R R2 -> R C1]', '[B R1 -> B C2]', '[G L1 -> G R1]']",0.07330786904388827,0.4,0.5
4,100.25,"[32, 45, 46, 54]","['[G C1 -> G L1]', '[R R2 -> R C1]', '[B R1 -> B C2]', '[G L1 -> G R1]']",0.07257479035344938,0.4,0.5
4,100.25,"[32, 45, 46, 54]","['[G C1 -> G L1]', '[R R2 -> R C1]', '[B R1 -> B C2]', '[G L1 -> G R1]']",0.07184904244991488,0.4,0.5
4,100.25,"[32, 45, 46, 54]","['[G C1 -> G L1]', '[R R2 -> R C1]', '[B R1 -> B C2]', '[G L1 -> G R1]']",0.07113055202541574,0.4,0.5
6,1.25,"[32, 33, 32, 45, 46, 54]","['[G C1 -> G L1]', '[G L1 -> G C1]', '[G C1 -> G L1]', '[R R2 -> R C1]', '[B R1 -> B C2]', '[G L1 -> G R1]']",0.07041924650516158,0.4,0.5
4,100.25,"[32, 45, 46, 54]","['[G C1 -> G L1]', '[R R2 -> R C1]', '[B R1 -> B C2]', '[G L1 -> G R1]']",0.06971505404010997,0.4,0.5
4,100.25,"[32, 45, 46, 54]","['[G C1 -> G L1]', '[R R2 -> R C1]', '[B R1 -> B C2]', '[G L1 -> G R1]']",0.06901790349970886,0.4,0.5
4,100.25,"[32, 45, 46, 54]","['[G C1 -> G L1]', '[R R2 -> R C1]', '[B R1 -> B C2]', '[G L1 -> G R1]']",0.06832772446471178,0.4,0.5
4,100.25,"[32, 45, 46, 54]","['[G C1 -> G L1]', '[R R2 -> R C1]', '[B R1 -> B C2]', '[G L1 -> G R1]']",0.06764444722006466,0.4,0.5
4,100.25,"[32, 45, 46, 54]","['[G C1 -> G L1]', '[R R2 -> R C1]', '[B R1 -> B C2]', '[G L1 -> G R1]']",0.066968002747864,0.4,0.5
6,1.25,"[32, 31, 32, 45, 46, 54]","['[G C1 -> G L1]', '[G L1 -> G R2]', '[G R2 -> G L1]', '[R R2 -> R C1]', '[B R1 -> B C2]', '[G L1 -> G R1]']",0.06629832272038537,0.4,0.5
4,100.25,"[32, 45, 46, 54]","['[G C1 -> G L1]', '[R R2 -> R C1]', '[B R1 -> B C2]', '[G L1 -> G R1]']",0.06563533949318151,0.4,0.5
4,100.25,"[32, 45, 46, 54]","['[G C1 -> G L1]', '[R R2 -> R C1]', '[B R1 -> B C2]', '[G L1 -> G R1]']",0.06497898609824969,0.4,0.5
4,100.25,"[32, 45, 46, 54]","['[G C1 -> G L1]', '[R R2 -> R C1]', '[B R1 -> B C2]', '[G L1 -> G R1]']",0.0643291962372672,0.4,0.5
4,100.25,"[32, 45, 46, 54]","['[G C1 -> G L1]', '[R R2 -> R C1]', '[B R1 -> B C2]', '[G L1 -> G R1]']",0.06368590427489453,0.4,0.5
4,100.25,"[32, 45, 46, 54]","['[G C1 -> G L1]', '[R R2 -> R C1]', '[B R1 -> B C2]', '[G L1 -> G R1]']",0.06304904523214558,0.4,0.5
4,100.25,"[32, 45, 46, 54]","['[G C1 -> G L1]', '[R R2 -> R C1]', '[B R1 -> B C2]', '[G L1 -> G R1]']",0.06241855477982412,0.4,0.5
4,100.25,"[32, 45, 46, 54]","['[G C1 -> G L1]', '[R R2 -> R C1]', '[B R1 -> B C2]', '[G L1 -> G R1]']",0.06179436923202588,0.4,0.5
4,100.25,"[32, 45, 46, 54]","['[G C1 -> G L1]', '[R R2 -> R C1]', '[B R1 -> B C2]', '[G L1 -> G R1]']",0.06117642553970562,0.4,0.5
4,100.25,"[32, 45, 46, 54]","['[G C1 -> G L1]', '[R R2 -> R C1]', '[B R1 -> B C2]', '[G L1 -> G R1]']",0.06056466128430856,0.4,0.5
4,100.25,"[32, 45, 46, 54]","['[G C1 -> G L1]', '[R R2 -> R C1]', '[B R1 -> B C2]', '[G L1 -> G R1]']",0.05995901467146548,0.4,0.5
4,100.25,"[32, 45, 46, 54]","['[G C1 -> G L1]', '[R R2 -> R C1]', '[B R1 -> B C2]', '[G L1 -> G R1]']",0.05935942452475082,0.4,0.5
4,100.25,"[32, 45, 46, 54]","['[G C1 -> G L1]', '[R R2 -> R C1]', '[B R1 -> B C2]', '[G L1 -> G R1]']",0.058765830279503314,0.4,0.5
4,100.25,"[32, 45, 46, 54]","['[G C1 -> G L1]', '[R R2 -> R C1]', '[B R1 -> B C2]', '[G L1 -> G R1]']",0.05817817197670828,0.4,0.5
4,100.25,"[32, 45, 46, 54]","['[G C1 -> G L1]', '[R R2 -> R C1]', '[B R1 -> B C2]', '[G L1 -> G R1]']",0.057596390256941195,0.4,0.5
4,100.25,"[32, 45, 46, 54]","['[G C1 -> G L1]', '[R R2 -> R C1]', '[B R1 -> B C2]', '[G L1 -> G R1]']",0.05702042635437178,0.4,0.5
4,100.25,"[32, 45, 46, 54]","['[G C1 -> G L1]', '[R R2 -> R C1]', '[B R1 -> B C2]', '[G L1 -> G R1]']",0.05645022209082806,0.4,0.5
4,100.25,"[32, 45, 46, 54]","['[G C1 -> G L1]', '[R R2 -> R C1]', '[B R1 -> B C2]', '[G L1 -> G R1]']",0.05588571986991978,0.4,0.5
4,100.25,"[32, 45, 46, 54]","['[G C1 -> G L1]', '[R R2 -> R C1]', '[B R1 -> B C2]', '[G L1 -> G R1]']",0.055326862671220584,0.4,0.5
4,100.25,"[32, 45, 46, 54]","['[G C1 -> G L1]', '[R R2 -> R C1]', '[B R1 -> B C2]', '[G L1 -> G R1]']",0.05477359404450838,0.4,0.5
6,1.25,"[35, 33, 32, 45, 46, 54]","['[R R2 -> R L1]', '[R L1 -> R R2]', '[G C1 -> G L1]', '[R R2 -> R C1]', '[B R1 -> B C2]', '[G L1 -> G R1]']",0.054225858104063294,0.4,0.5
4,100.25,"[32, 45, 46, 54]","['[G C1 -> G L1]', '[R R2 -> R C1]', '[B R1 -> B C2]', '[G L1 -> G R1]']",0.05368359952302266,0.4,0.5
4,100.25,"[32, 45, 46, 54]","['[G C1 -> G L1]', '[R R2 -> R C1]', '[B R1 -> B C2]', '[G L1 -> G R1]']",0.053146763527792434,0.4,0.5
6,1.25,"[35, 33, 32, 45, 46, 54]","['[R R2 -> R L1]', '[R L1 -> R R2]', '[G C1 -> G L1]', '[R R2 -> R C1]', '[B R1 -> B C2]', '[G L1 -> G R1]']",0.052615295892514506,0.4,0.5
4,100.25,"[32, 45, 46, 54]","['[G C1 -> G L1]', '[R R2 -> R C1]', '[B R1 -> B C2]', '[G L1 -> G R1]']",0.052089142933589364,0.4,0.5
4,100.25,"[32, 45, 46, 54]","['[G C1 -> G L1]', '[R R2 -> R C1]', '[B R1 -> B C2]', '[G L1 -> G R1]']",0.05156825150425347,0.4,0.5
4,100.25,"[32, 45, 46, 54]","['[G C1 -> G L1]', '[R R2 -> R C1]', '[B R1 -> B C2]', '[G L1 -> G R1]']",0.051052568989210935,0.4,0.5
4,100.25,"[32, 45, 46, 54]","['[G C1 -> G L1]', '[R R2 -> R C1]', '[B R1 -> B C2]', '[G L1 -> G R1]']",0.05054204329931883,0.4,0.5
6,1.25,"[32, 31, 32, 45, 46, 54]","['[G C1 -> G L1]', '[G L1 -> G R2]', '[G R2 -> G L1]', '[R R2 -> R C1]', '[B R1 -> B C2]', '[G L1 -> G R1]']",0.05003662286632564,0.4,0.5
4,100.25,"[32, 45, 46, 54]","['[G C1 -> G L1]', '[R R2 -> R C1]', '[B R1 -> B C2]', '[G L1 -> G R1]']",0.04953625663766238,0.4,0.5
4,100.25,"[32, 45, 46, 54]","['[G C1 -> G L1]', '[R R2 -> R C1]', '[B R1 -> B C2]', '[G L1 -> G R1]']",0.04953625663766238,0.4,0.5
4,100.25,"[32, 45, 46, 54]","['[G C1 -> G L1]', '[R R2 -> R C1]', '[B R1 -> B C2]', '[G L1 -> G R1]']",0.04953625663766238,0.4,0.5
4,100.25,"[32, 45, 46, 54]","['[G C1 -> G L1]', '[R R2 -> R C1]', '[B R1 -> B C2]', '[G L1 -> G R1]']",0.04953625663766238,0.4,0.5
4,100.25,"[32, 45, 46, 54]","['[G C1 -> G L1]', '[R R2 -> R C1]', '[B R1 -> B C2]', '[G L1 -> G R1]']",0.04953625663766238,0.4,0.5
4,100.25,"[32, 45, 46, 54]","['[G C1 -> G L1]', '[R R2 -> R C1]', '[B R1 -> B C2]', '[G L1 -> G R1]']",0.04953625663766238,0.4,0.5
4,100.25,"[32, 45, 46, 54]","['[G C1 -> G L1]', '[R R2 -> R C1]', '[B R1 -> B C2]', '[G L1 -> G R1]']",0.04953625663766238,0.4,0.5
4,100.25,"[32, 45, 46, 54]","['[G C1 -> G L1]', '[R R2 -> R C1]', '[B R1 -> B C2]', '[G L1 -> G R1]']",0.04953625663766238,0.4,0.5
4,100.25,"[32, 45, 46, 54]","['[G C1 -> G L1]', '[R R2 -> R C1]', '[B R1 -> B C2]', '[G L1 -> G R1]']",0.04953625663766238,0.4,0.5
4,100.25,"[32, 45, 46, 54]","['[G C1 -> G L1]', '[R R2 -> R C1]', '[B R1 -> B C2]', '[G L1 -> G R1]']",0.04953625663766238,0.4,0.5
6,1.25,"[32, 45, 46, 45, 46, 54]","['[G C1 -> G L1]', '[R R2 -> R C1]', '[B R1 -> B C2]', '[B C2 -> B R1]', '[B R1 -> B C2]', '[G L1 -> G R1]']",0.04953625663766238,0.4,0.5
4,100.25,"[32, 45, 46, 54]","['[G C1 -> G L1]', '[R R2 -> R C1]', '[B R1 -> B C2]', '[G L1 -> G R1]']",0.04953625663766238,0.4,0.5
4,100.25,"[32, 45, 46, 54]","['[G C1 -> G L1]', '[R R2 -> R C1]', '[B R1 -> B C2]', '[G L1 -> G R1]']",0.04953625663766238,0.4,0.5
4,100.25,"[32, 45, 46, 54]","['[G C1 -> G L1]', '[R R2 -> R C1]', '[B R1 -> B C2]', '[G L1 -> G R1]']",0.04953625663766238,0.4,0.5
4,100.25,"[32, 45, 46, 54]","['[G C1 -> G L1]', '[R R2 -> R C1]', '[B R1 -> B C2]', '[G L1 -> G R1]']",0.04953625663766238,0.4,0.5
6,1.25,"[32, 45, 46, 45, 46, 54]","['[G C1 -> G L1]', '[R R2 -> R C1]', '[B R1 -> B C2]', '[B C2 -> B R1]', '[B R1 -> B C2]', '[G L1 -> G R1]']",0.04953625663766238,0.4,0.5
4,100.25,"[32, 45, 46, 54]","['[G C1 -> G L1]', '[R R2 -> R C1]', '[B R1 -> B C2]', '[G L1 -> G R1]']",0.04953625663766238,0.4,0.5
4,100.25,"[32, 45, 46, 54]","['[G C1 -> G L1]', '[R R2 -> R C1]', '[B R1 -> B C2]', '[G L1 -> G R1]']",0.04953625663766238,0.4,0.5
4,100.25,"[32, 45, 46, 54]","['[G C1 -> G L1]', '[R R2 -> R C1]', '[B R1 -> B C2]', '[G L1 -> G R1]']",0.04953625663766238,0.4,0.5
4,100.25,"[32, 45, 46, 54]","['[G C1 -> G L1]', '[R R2 -> R C1]', '[B R1 -> B C2]', '[G L1 -> G R1]']",0.04953625663766238,0.4,0.5
4,100.25,"[32, 45, 46, 54]","['[G C1 -> G L1]', '[R R2 -> R C1]', '[B R1 -> B C2]', '[G L1 -> G R1]']",0.04953625663766238,0.4,0.5
4,100.25,"[32, 45, 46, 54]","['[G C1 -> G L1]', '[R R2 -> R C1]', '[B R1 -> B C2]', '[G L1 -> G R1]']",0.04953625663766238,0.4,0.5
4,100.25,"[32, 45, 46, 54]","['[G C1 -> G L1]', '[R R2 -> R C1]', '[B R1 -> B C2]', '[G L1 -> G R1]']",0.04953625663766238,0.4,0.5
5,1.25,"[31, 32, 45, 46, 54]","['[G C1 -> G R2]', '[G R2 -> G L1]', '[R R2 -> R C1]', '[B R1 -> B C2]', '[G L1 -> G R1]']",0.04953625663766238,0.4,0.5
4,100.25,"[32, 45, 46, 54]","['[G C1 -> G L1]', '[R R2 -> R C1]', '[B R1 -> B C2]', '[G L1 -> G R1]']",0.04953625663766238,0.4,0.5
4,100.25,"[32, 45, 46, 54]","['[G C1 -> G L1]', '[R R2 -> R C1]', '[B R1 -> B C2]', '[G L1 -> G R1]']",0.04953625663766238,0.4,0.5
4,100.25,"[32, 45, 46, 54]","['[G C1 -> G L1]', '[R R2 -> R C1]', '[B R1 -> B C2]', '[G L1 -> G R1]']",0.04953625663766238,0.4,0.5
4,100.25,"[32, 45, 46, 54]","['[G C1 -> G L1]', '[R R2 -> R C1]', '[B R1 -> B C2]', '[G L1 -> G R1]']",0.04953625663766238,0.4,0.5
4,100.25,"[32, 45, 46, 54]","['[G C1 -> G L1]', '[R R2 -> R C1]', '[B R1 -> B C2]', '[G L1 -> G R1]']",0.04953625663766238,0.4,0.5
4,100.25,"[32, 45, 46, 54]","['[G C1 -> G L1]', '[R R2 -> R C1]', '[B R1 -> B C2]', '[G L1 -> G R1]']",0.04953625663766238,0.4,0.5
4,100.25,"[32, 45, 46, 54]","['[G C1 -> G L1]', '[R R2 -> R C1]', '[B R1 -> B C2]', '[G L1 -> G R1]']",0.04953625663766238,0.4,0.5
4,100.25,"[32, 45, 46, 54]","['[G C1 -> G L1]', '[R R2 -> R C1]', '[B R1 -> B C2]', '[G L1 -> G R1]']",0.04953625663766238,0.4,0.5
4,100.25,"[32, 45, 46, 54]","['[G C1 -> G L1]', '[R R2 -> R C1]', '[B R1 -> B C2]', '[G L1 -> G R1]']",0.04953625663766238,0.4,0.5
4,100.25,"[32, 45, 46, 54]","['[G C1 -> G L1]', '[R R2 -> R C1]', '[B R1 -> B C2]', '[G L1 -> G R1]']",0.04953625663766238,0.4,0.5
4,100.25,"[32, 45, 46, 54]","['[G C1 -> G L1]', '[R R2 -> R C1]', '[B R1 -> B C2]', '[G L1 -> G R1]']",0.04953625663766238,0.4,0.5
4,100.25,"[32, 45, 46, 54]","['[G C1 -> G L1]', '[R R2 -> R C1]', '[B R1 -> B C2]', '[G L1 -> G R1]']",0.04953625663766238,0.4,0.5
4,100.25,"[32, 45, 46, 54]","['[G C1 -> G L1]', '[R R2 -> R C1]', '[B R1 -> B C2]', '[G L1 -> G R1]']",0.04953625663766238,0.4,0.5
4,100.25,"[32, 45, 46, 54]","['[G C1 -> G L1]', '[R R2 -> R C1]', '[B R1 -> B C2]', '[G L1 -> G R1]']",0.04953625663766238,0.4,0.5
4,100.25,"[32, 45, 46, 54]","['[G C1 -> G L1]', '[R R2 -> R C1]', '[B R1 -> B C2]', '[G L1 -> G R1]']",0.04953625663766238,0.4,0.5
4,100.25,"[32, 45, 46, 54]","['[G C1 -> G L1]', '[R R2 -> R C1]', '[B R1 -> B C2]', '[G L1 -> G R1]']",0.04953625663766238,0.4,0.5
4,100.25,"[32, 45, 46, 54]","['[G C1 -> G L1]', '[R R2 -> R C1]', '[B R1 -> B C2]', '[G L1 -> G R1]']",0.04953625663766238,0.4,0.5
4,100.25,"[32, 45, 46, 54]","['[G C1 -> G L1]', '[R R2 -> R C1]', '[B R1 -> B C2]', '[G L1 -> G R1]']",0.04953625663766238,0.4,0.5
4,100.25,"[32, 45, 46, 54]","['[G C1 -> G L1]', '[R R2 -> R C1]', '[B R1 -> B C2]', '[G L1 -> G R1]']",0.04953625663766238,0.4,0.5
4,100.25,"[32, 45, 46, 54]","['[G C1 -> G L1]', '[R R2 -> R C1]', '[B R1 -> B C2]', '[G L1 -> G R1]']",0.04953625663766238,0.4,0.5
4,100.25,"[32, 45, 46, 54]","['[G C1 -> G L1]', '[R R2 -> R C1]', '[B R1 -> B C2]', '[G L1 -> G R1]']",0.04953625663766238,0.4,0.5
4,100.25,"[32, 45, 46, 54]","['[G C1 -> G L1]', '[R R2 -> R C1]', '[B R1 -> B C2]', '[G L1 -> G R1]']",0.04953625663766238,0.4,0.5
4,100.25,"[32, 45, 46, 54]","['[G C1 -> G L1]', '[R R2 -> R C1]', '[B R1 -> B C2]', '[G L1 -> G R1]']",0.04953625663766238,0.4,0.5
4,100.25,"[32, 45, 46, 54]","['[G C1 -> G L1]', '[R R2 -> R C1]', '[B R1 -> B C2]', '[G L1 -> G R1]']",0.04953625663766238,0.4,0.5
4,100.25,"[32, 45, 46, 54]","['[G C1 -> G L1]', '[R R2 -> R C1]', '[B R1 -> B C2]', '[G L1 -> G R1]']",0.04953625663766238,0.4,0.5
4,100.25,"[32, 45, 46, 54]","['[G C1 -> G L1]', '[R R2 -> R C1]', '[B R1 -> B C2]', '[G L1 -> G R1]']",0.04953625663766238,0.4,0.5
4,100.25,"[32, 45, 46, 54]","['[G C1 -> G L1]', '[R R2 -> R C1]', '[B R1 -> B C2]', '[G L1 -> G R1]']",0.04953625663766238,0.4,0.5
4,100.25,"[32, 45, 46, 54]","['[G C1 -> G L1]', '[R R2 -> R C1]', '[B R1 -> B C2]', '[G L1 -> G R1]']",0.04953625663766238,0.4,0.5
4,100.25,"[32, 45, 46, 54]","['[G C1 -> G L1]', '[R R2 -> R C1]', '[B R1 -> B C2]', '[G L1 -> G R1]']",0.04953625663766238,0.4,0.5
4,100.25,"[32, 45, 46, 54]","['[G C1 -> G L1]', '[R R2 -> R C1]', '[B R1 -> B C2]', '[G L1 -> G R1]']",0.04953625663766238,0.4,0.5
4,100.25,"[32, 45, 46, 54]","['[G C1 -> G L1]', '[R R2 -> R C1]', '[B R1 -> B C2]', '[G L1 -> G R1]']",0.04953625663766238,0.4,0.5
4,100.25,"[32, 45, 46, 54]","['[G C1 -> G L1]', '[R R2 -> R C1]', '[B R1 -> B C2]', '[G L1 -> G R1]']",0.04953625663766238,0.4,0.5
4,100.25,"[32, 45, 46, 54]","['[G C1 -> G L1]', '[R R2 -> R C1]', '[B R1 -> B C2]', '[G L1 -> G R1]']",0.04953625663766238,0.4,0.5
4,100.25,"[32, 45, 46, 54]","['[G C1 -> G L1]', '[R R2 -> R C1]', '[B R1 -> B C2]', '[G L1 -> G R1]']",0.04953625663766238,0.4,0.5
4,100.25,"[32, 45, 46, 54]","['[G C1 -> G L1]', '[R R2 -> R C1]', '[B R1 -> B C2]', '[G L1 -> G R1]']",0.04953625663766238,0.4,0.5
4,100.25,"[32, 45, 46, 54]","['[G C1 -> G L1]', '[R R2 -> R C1]', '[B R1 -> B C2]', '[G L1 -> G R1]']",0.04953625663766238,0.4,0.5
4,100.25,"[32, 45, 46, 54]","['[G C1 -> G L1]', '[R R2 -> R C1]', '[B R1 -> B C2]', '[G L1 -> G R1]']",0.04953625663766238,0.4,0.5
4,100.25,"[32, 45, 46, 54]","['[G C1 -> G L1]', '[R R2 -> R C1]', '[B R1 -> B C2]', '[G L1 -> G R1]']",0.04953625663766238,0.4,0.5
4,100.25,"[32, 45, 46, 54]","['[G C1 -> G L1]', '[R R2 -> R C1]', '[B R1 -> B C2]', '[G L1 -> G R1]']",0.04953625663766238,0.4,0.5
4,100.25,"[32, 45, 46, 54]","['[G C1 -> G L1]', '[R R2 -> R C1]', '[B R1 -> B C2]', '[G L1 -> G R1]']",0.04953625663766238,0.4,0.5
4,100.25,"[32, 45, 46, 54]","['[G C1 -> G L1]', '[R R2 -> R C1]', '[B R1 -> B C2]', '[G L1 -> G R1]']",0.04953625663766238,0.4,0.5
4,100.25,"[32, 45, 46, 54]","['[G C1 -> G L1]', '[R R2 -> R C1]', '[B R1 -> B C2]', '[G L1 -> G R1]']",0.04953625663766238,0.4,0.5
4,100.25,"[32, 45, 46, 54]","['[G C1 -> G L1]', '[R R2 -> R C1]', '[B R1 -> B C2]', '[G L1 -> G R1]']",0.04953625663766238,0.4,0.5
4,100.25,"[32, 45, 46, 54]","['[G C1 -> G L1]', '[R R2 -> R C1]', '[B R1 -> B C2]', '[G L1 -> G R1]']",0.04953625663766238,0.4,0.5
4,100.25,"[32, 45, 46, 54]","['[G C1 -> G L1]', '[R R2 -> R C1]', '[B R1 -> B C2]', '[G L1 -> G R1]']",0.04953625663766238,0.4,0.5
7,1.25,"[32, 31, 33, 32, 45, 46, 54]","['[G C1 -> G L1]', '[G L1 -> G R2]', '[G R2 -> G C1]', '[G C1 -> G L1]', '[R R2 -> R C1]', '[B R1 -> B C2]', '[G L1 -> G R1]']",0.04953625663766238,0.4,0.5
4,100.25,"[32, 45, 46, 54]","['[G C1 -> G L1]', '[R R2 -> R C1]', '[B R1 -> B C2]', '[G L1 -> G R1]']",0.04953625663766238,0.4,0.5
4,100.25,"[32, 45, 46, 54]","['[G C1 -> G L1]', '[R R2 -> R C1]', '[B R1 -> B C2]', '[G L1 -> G R1]']",0.04953625663766238,0.4,0.5
4,100.25,"[32, 45, 46, 54]","['[G C1 -> G L1]', '[R R2 -> R C1]', '[B R1 -> B C2]', '[G L1 -> G R1]']",0.04953625663766238,0.4,0.5
4,100.25,"[32, 45, 46, 54]","['[G C1 -> G L1]', '[R R2 -> R C1]', '[B R1 -> B C2]', '[G L1 -> G R1]']",0.04953625663766238,0.4,0.5
4,100.25,"[32, 45, 46, 54]","['[G C1 -> G L1]', '[R R2 -> R C1]', '[B R1 -> B C2]', '[G L1 -> G R1]']",0.04953625663766238,0.4,0.5
4,100.25,"[32, 45, 46, 54]","['[G C1 -> G L1]', '[R R2 -> R C1]', '[B R1 -> B C2]', '[G L1 -> G R1]']",0.04953625663766238,0.4,0.5
4,100.25,"[32, 45, 46, 54]","['[G C1 -> G L1]', '[R R2 -> R C1]', '[B R1 -> B C2]', '[G L1 -> G R1]']",0.04953625663766238,0.4,0.5
4,100.25,"[32, 45, 46, 54]","['[G C1 -> G L1]', '[R R2 -> R C1]', '[B R1 -> B C2]', '[G L1 -> G R1]']",0.04953625663766238,0.4,0.5
4,100.25,"[32, 45, 46, 54]","['[G C1 -> G L1]', '[R R2 -> R C1]', '[B R1 -> B C2]', '[G L1 -> G R1]']",0.04953625663766238,0.4,0.5
4,100.25,"[32, 45, 46, 54]","['[G C1 -> G L1]', '[R R2 -> R C1]', '[B R1 -> B C2]', '[G L1 -> G R1]']",0.04953625663766238,0.4,0.5
6,1.25,"[34, 33, 32, 45, 46, 54]","['[R R2 -> R C2]', '[R C2 -> R R2]', '[G C1 -> G L1]', '[R R2 -> R C1]', '[B R1 -> B C2]', '[G L1 -> G R1]']",0.04953625663766238,0.4,0.5
4,100.25,"[32, 45, 46, 54]","['[G C1 -> G L1]', '[R R2 -> R C1]', '[B R1 -> B C2]', '[G L1 -> G R1]']",0.04953625663766238,0.4,0.5
6,1.25,"[32, 31, 32, 45, 46, 54]","['[G C1 -> G L1]', '[G L1 -> G R2]', '[G R2 -> G L1]', '[R R2 -> R C1]', '[B R1 -> B C2]', '[G L1 -> G R1]']",0.04953625663766238,0.4,0.5
4,100.25,"[32, 45, 46, 54]","['[G C1 -> G L1]', '[R R2 -> R C1]', '[B R1 -> B C2]', '[G L1 -> G R1]']",0.04953625663766238,0.4,0.5
4,100.25,"[32, 45, 46, 54]","['[G C1 -> G L1]', '[R R2 -> R C1]', '[B R1 -> B C2]', '[G L1 -> G R1]']",0.04953625663766238,0.4,0.5
4,100.25,"[32, 45, 46, 54]","['[G C1 -> G L1]', '[R R2 -> R C1]', '[B R1 -> B C2]', '[G L1 -> G R1]']",0.04953625663766238,0.4,0.5
4,100.25,"[32, 45, 46, 54]","['[G C1 -> G L1]', '[R R2 -> R C1]', '[B R1 -> B C2]', '[G L1 -> G R1]']",0.04953625663766238,0.4,0.5
4,100.25,"[32, 45, 46, 54]","['[G C1 -> G L1]', '[R R2 -> R C1]', '[B R1 -> B C2]', '[G L1 -> G R1]']",0.04953625663766238,0.4,0.5
4,100.25,"[32, 45, 46, 54]","['[G C1 -> G L1]', '[R R2 -> R C1]', '[B R1 -> B C2]', '[G L1 -> G R1]']",0.04953625663766238,0.4,0.5
4,100.25,"[32, 45, 46, 54]","['[G C1 -> G L1]', '[R R2 -> R C1]', '[B R1 -> B C2]', '[G L1 -> G R1]']",0.04953625663766238,0.4,0.5
4,100.25,"[32, 45, 46, 54]","['[G C1 -> G L1]', '[R R2 -> R C1]', '[B R1 -> B C2]', '[G L1 -> G R1]']",0.04953625663766238,0.4,0.5
4,100.25,"[32, 45, 46, 54]","['[G C1 -> G L1]', '[R R2 -> R C1]', '[B R1 -> B C2]', '[G L1 -> G R1]']",0.04953625663766238,0.4,0.5
4,100.25,"[32, 45, 46, 54]","['[G C1 -> G L1]', '[R R2 -> R C1]', '[B R1 -> B C2]', '[G L1 -> G R1]']",0.04953625663766238,0.4,0.5
4,100.25,"[32, 45, 46, 54]","['[G C1 -> G L1]', '[R R2 -> R C1]', '[B R1 -> B C2]', '[G L1 -> G R1]']",0.04953625663766238,0.4,0.5
6,1.25,"[32, 45, 44, 45, 46, 54]","['[G C1 -> G L1]', '[R R2 -> R C1]', '[G L1 -> G C2]', '[G C2 -> G L1]', '[B R1 -> B C2]', '[G L1 -> G R1]']",0.04953625663766238,0.4,0.5
4,100.25,"[32, 45, 46, 54]","['[G C1 -> G L1]', '[R R2 -> R C1]', '[B R1 -> B C2]', '[G L1 -> G R1]']",0.04953625663766238,0.4,0.5
4,100.25,"[32, 45, 46, 54]","['[G C1 -> G L1]', '[R R2 -> R C1]', '[B R1 -> B C2]', '[G L1 -> G R1]']",0.04953625663766238,0.4,0.5
4,100.25,"[32, 45, 46, 54]","['[G C1 -> G L1]', '[R R2 -> R C1]', '[B R1 -> B C2]', '[G L1 -> G R1]']",0.04953625663766238,0.4,0.5
4,100.25,"[32, 45, 46, 54]","['[G C1 -> G L1]', '[R R2 -> R C1]', '[B R1 -> B C2]', '[G L1 -> G R1]']",0.04953625663766238,0.4,0.5
6,1.0,"[32, 45, 32, 45, 46, 54]","['[G C1 -> G L1]', '[R R2 -> R C1]', '[R C1 -> R R2]', '[R R2 -> R C1]', '[B R1 -> B C2]', '[G L1 -> G R1]']",0.04953625663766238,0.4,0.5
4,100.25,"[32, 45, 46, 54]","['[G C1 -> G L1]', '[R R2 -> R C1]', '[B R1 -> B C2]', '[G L1 -> G R1]']",0.04953625663766238,0.4,0.5
4,100.25,"[32, 45, 46, 54]","['[G C1 -> G L1]', '[R R2 -> R C1]', '[B R1 -> B C2]', '[G L1 -> G R1]']",0.04953625663766238,0.4,0.5
4,100.25,"[32, 45, 46, 54]","['[G C1 -> G L1]', '[R R2 -> R C1]', '[B R1 -> B C2]', '[G L1 -> G R1]']",0.04953625663766238,0.4,0.5
4,100.25,"[32, 45, 46, 54]","['[G C1 -> G L1]', '[R R2 -> R C1]', '[B R1 -> B C2]', '[G L1 -> G R1]']",0.04953625663766238,0.4,0.5
4,100.25,"[32, 45, 46, 54]","['[G C1 -> G L1]', '[R R2 -> R C1]', '[B R1 -> B C2]', '[G L1 -> G R1]']",0.04953625663766238,0.4,0.5
6,1.25,"[32, 45, 43, 45, 46, 54]","['[G C1 -> G L1]', '[R R2 -> R C1]', '[G L1 -> G R2]', '[G R2 -> G L1]', '[B R1 -> B C2]', '[G L1 -> G R1]']",0.04953625663766238,0.4,0.5
4,100.25,"[32, 45, 46, 54]","['[G C1 -> G L1]', '[R R2 -> R C1]', '[B R1 -> B C2]', '[G L1 -> G R1]']",0.04953625663766238,0.4,0.5
4,100.25,"[32, 45, 46, 54]","['[G C1 -> G L1]', '[R R2 -> R C1]', '[B R1 -> B C2]', '[G L1 -> G R1]']",0.04953625663766238,0.4,0.5
4,100.25,"[32, 45, 46, 54]","['[G C1 -> G L1]', '[R R2 -> R C1]', '[B R1 -> B C2]', '[G L1 -> G R1]']",0.04953625663766238,0.4,0.5
4,100.25,"[32, 45, 46, 54]","['[G C1 -> G L1]', '[R R2 -> R C1]', '[B R1 -> B C2]', '[G L1 -> G R1]']",0.04953625663766238,0.4,0.5
6,1.25,"[32, 31, 32, 45, 46, 54]","['[G C1 -> G L1]', '[G L1 -> G R2]', '[G R2 -> G L1]', '[R R2 -> R C1]', '[B R1 -> B C2]', '[G L1 -> G R1]']",0.04953625663766238,0.4,0.5
6,1.25,"[32, 33, 32, 45, 46, 54]","['[G C1 -> G L1]', '[G L1 -> G C1]', '[G C1 -> G L1]', '[R R2 -> R C1]', '[B R1 -> B C2]', '[G L1 -> G R1]']",0.04953625663766238,0.4,0.5
5,1.25,"[31, 32, 45, 46, 54]","['[G C1 -> G R2]', '[G R2 -> G L1]', '[R R2 -> R C1]', '[B R1 -> B C2]', '[G L1 -> G R1]']",0.04953625663766238,0.4,0.5
4,100.25,"[32, 45, 46, 54]","['[G C1 -> G L1]', '[R R2 -> R C1]', '[B R1 -> B C2]', '[G L1 -> G R1]']",0.04953625663766238,0.4,0.5
4,100.25,"[32, 45, 46, 54]","['[G C1 -> G L1]', '[R R2 -> R C1]', '[B R1 -> B C2]', '[G L1 -> G R1]']",0.04953625663766238,0.4,0.5
4,100.25,"[32, 45, 46, 54]","['[G C1 -> G L1]', '[R R2 -> R C1]', '[B R1 -> B C2]', '[G L1 -> G R1]']",0.04953625663766238,0.4,0.5
4,100.25,"[32, 45, 46, 54]","['[G C1 -> G L1]', '[R R2 -> R C1]', '[B R1 -> B C2]', '[G L1 -> G R1]']",0.04953625663766238,0.4,0.5
4,100.25,"[32, 45, 46, 54]","['[G C1 -> G L1]', '[R R2 -> R C1]', '[B R1 -> B C2]', '[G L1 -> G R1]']",0.04953625663766238,0.4,0.5
4,100.25,"[32, 45, 46, 54]","['[G C1 -> G L1]', '[R R2 -> R C1]', '[B R1 -> B C2]', '[G L1 -> G R1]']",0.04953625663766238,0.4,0.5
6,1.25,"[32, 45, 46, 45, 46, 54]","['[G C1 -> G L1]', '[R R2 -> R C1]', '[B R1 -> B C2]', '[B C2 -> B R1]', '[B R1 -> B C2]', '[G L1 -> G R1]']",0.04953625663766238,0.4,0.5
4,100.25,"[32, 45, 46, 54]","['[G C1 -> G L1]', '[R R2 -> R C1]', '[B R1 -> B C2]', '[G L1 -> G R1]']",0.04953625663766238,0.4,0.5
4,100.25,"[32, 45, 46, 54]","['[G C1 -> G L1]', '[R R2 -> R C1]', '[B R1 -> B C2]', '[G L1 -> G R1]']",0.04953625663766238,0.4,0.5
5,1.25,"[31, 32, 45, 46, 54]","['[G C1 -> G R2]', '[G R2 -> G L1]', '[R R2 -> R C1]', '[B R1 -> B C2]', '[G L1 -> G R1]']",0.04953625663766238,0.4,0.5
4,100.25,"[32, 45, 46, 54]","['[G C1 -> G L1]', '[R R2 -> R C1]', '[B R1 -> B C2]', '[G L1 -> G R1]']",0.04953625663766238,0.4,0.5
8,1.0,"[32, 45, 46, 45, 32, 45, 46, 54]","['[G C1 -> G L1]', '[R R2 -> R C1]', '[B R1 -> B C2]', '[B C2 -> B R1]', '[R C1 -> R R2]', '[R R2 -> R C1]', '[B R1 -> B C2]', '[G L1 -> G R1]']",0.04953625663766238,0.4,0.5
4,100.25,"[32, 45, 46, 54]","['[G C1 -> G L1]', '[R R2 -> R C1]', '[B R1 -> B C2]', '[G L1 -> G R1]']",0.04953625663766238,0.4,0.5
4,100.25,"[32, 45, 46, 54]","['[G C1 -> G L1]', '[R R2 -> R C1]', '[B R1 -> B C2]', '[G L1 -> G R1]']",0.04953625663766238,0.4,0.5
4,100.25,"[32, 45, 46, 54]","['[G C1 -> G L1]', '[R R2 -> R C1]', '[B R1 -> B C2]', '[G L1 -> G R1]']",0.04953625663766238,0.4,0.5
4,100.25,"[32, 45, 46, 54]","['[G C1 -> G L1]', '[R R2 -> R C1]', '[B R1 -> B C2]', '[G L1 -> G R1]']",0.04953625663766238,0.4,0.5
4,100.25,"[32, 45, 46, 54]","['[G C1 -> G L1]', '[R R2 -> R C1]', '[B R1 -> B C2]', '[G L1 -> G R1]']",0.04953625663766238,0.4,0.5
4,100.25,"[32, 45, 46, 54]","['[G C1 -> G L1]', '[R R2 -> R C1]', '[B R1 -> B C2]', '[G L1 -> G R1]']",0.04953625663766238,0.4,0.5
4,100.25,"[32, 45, 46, 54]","['[G C1 -> G L1]', '[R R2 -> R C1]', '[B R1 -> B C2]', '[G L1 -> G R1]']",0.04953625663766238,0.4,0.5
4,100.25,"[32, 45, 46, 54]","['[G C1 -> G L1]', '[R R2 -> R C1]', '[B R1 -> B C2]', '[G L1 -> G R1]']",0.04953625663766238,0.4,0.5
4,100.25,"[32, 45, 46, 54]","['[G C1 -> G L1]', '[R R2 -> R C1]', '[B R1 -> B C2]', '[G L1 -> G R1]']",0.04953625663766238,0.4,0.5
4,100.25,"[32, 45, 46, 54]","['[G C1 -> G L1]', '[R R2 -> R C1]', '[B R1 -> B C2]', '[G L1 -> G R1]']",0.04953625663766238,0.4,0.5
6,1.25,"[32, 31, 32, 45, 46, 54]","['[G C1 -> G L1]', '[G L1 -> G R2]', '[G R2 -> G L1]', '[R R2 -> R C1]', '[B R1 -> B C2]', '[G L1 -> G R1]']",0.04953625663766238,0.4,0.5
8,1.0,"[32, 45, 32, 45, 44, 45, 46, 54]","['[G C1 -> G L1]', '[R R2 -> R C1]', '[R C1 -> R R2]', '[R R2 -> R C1]', '[G L1 -> G C2]', '[G C2 -> G L1]', '[B R1 -> B C2]', '[G L1 -> G R1]']",0.04953625663766238,0.4,0.5
5,1.25,"[31, 32, 45, 46, 54]","['[G C1 -> G R2]', '[G R2 -> G L1]', '[R R2 -> R C1]', '[B R1 -> B C2]', '[G L1 -> G R1]']",0.04953625663766238,0.4,0.5
4,100.25,"[32, 45, 46, 54]","['[G C1 -> G L1]', '[R R2 -> R C1]', '[B R1 -> B C2]', '[G L1 -> G R1]']",0.04953625663766238,0.4,0.5
4,100.25,"[32, 45, 46, 54]","['[G C1 -> G L1]', '[R R2 -> R C1]', '[B R1 -> B C2]', '[G L1 -> G R1]']",0.04953625663766238,0.4,0.5
6,1.25,"[32, 33, 32, 45, 46, 54]","['[G C1 -> G L1]', '[G L1 -> G C1]', '[G C1 -> G L1]', '[R R2 -> R C1]', '[B R1 -> B C2]', '[G L1 -> G R1]']",0.04953625663766238,0.4,0.5
4,100.25,"[32, 45, 46, 54]","['[G C1 -> G L1]', '[R R2 -> R C1]', '[B R1 -> B C2]', '[G L1 -> G R1]']",0.04953625663766238,0.4,0.5
4,100.25,"[32, 45, 46, 54]","['[G C1 -> G L1]', '[R R2 -> R C1]', '[B R1 -> B C2]', '[G L1 -> G R1]']",0.04953625663766238,0.4,0.5
4,100.25,"[32, 45, 46, 54]","['[G C1 -> G L1]', '[R R2 -> R C1]', '[B R1 -> B C2]', '[G L1 -> G R1]']",0.04953625663766238,0.4,0.5
4,100.25,"[32, 45, 46, 54]","['[G C1 -> G L1]', '[R R2 -> R C1]', '[B R1 -> B C2]', '[G L1 -> G R1]']",0.04953625663766238,0.4,0.5
6,1.0,"[32, 45, 32, 45, 46, 54]","['[G C1 -> G L1]', '[R R2 -> R C1]', '[R C1 -> R R2]', '[R R2 -> R C1]', '[B R1 -> B C2]', '[G L1 -> G R1]']",0.04953625663766238,0.4,0.5
4,100.25,"[32, 45, 46, 54]","['[G C1 -> G L1]', '[R R2 -> R C1]', '[B R1 -> B C2]', '[G L1 -> G R1]']",0.04953625663766238,0.4,0.5
4,100.25,"[32, 45, 46, 54]","['[G C1 -> G L1]', '[R R2 -> R C1]', '[B R1 -> B C2]', '[G L1 -> G R1]']",0.04953625663766238,0.4,0.5
4,100.25,"[32, 45, 46, 54]","['[G C1 -> G L1]', '[R R2 -> R C1]', '[B R1 -> B C2]', '[G L1 -> G R1]']",0.04953625663766238,0.4,0.5
4,100.25,"[32, 45, 46, 54]","['[G C1 -> G L1]', '[R R2 -> R C1]', '[B R1 -> B C2]', '[G L1 -> G R1]']",0.04953625663766238,0.4,0.5
4,100.25,"[32, 45, 46, 54]","['[G C1 -> G L1]', '[R R2 -> R C1]', '[B R1 -> B C2]', '[G L1 -> G R1]']",0.04953625663766238,0.4,0.5
4,100.25,"[32, 45, 46, 54]","['[G C1 -> G L1]', '[R R2 -> R C1]', '[B R1 -> B C2]', '[G L1 -> G R1]']",0.04953625663766238,0.4,0.5
4,100.25,"[32, 45, 46, 54]","['[G C1 -> G L1]', '[R R2 -> R C1]', '[B R1 -> B C2]', '[G L1 -> G R1]']",0.04953625663766238,0.4,0.5
8,1.25,"[32, 45, 46, 45, 46, 45, 46, 54]","['[G C1 -> G L1]', '[R R2 -> R C1]', '[B R1 -> B C2]', '[B C2 -> B R1]', '[B R1 -> B C2]', '[B C2 -> B R1]', '[B R1 -> B C2]', '[G L1 -> G R1]']",0.04953625663766238,0.4,0.5
4,100.25,"[32, 45, 46, 54]","['[G C1 -> G L1]', '[R R2 -> R C1]', '[B R1 -> B C2]', '[G L1 -> G R1]']",0.04953625663766238,0.4,0.5
4,100.25,"[32, 45, 46, 54]","['[G C1 -> G L1]', '[R R2 -> R C1]', '[B R1 -> B C2]', '[G L1 -> G R1]']",0.04953625663766238,0.4,0.5
4,100.25,"[32, 45, 46, 54]","['[G C1 -> G L1]', '[R R2 -> R C1]', '[B R1 -> B C2]', '[G L1 -> G R1]']",0.04953625663766238,0.4,0.5
4,100.25,"[32, 45, 46, 54]","['[G C1 -> G L1]', '[R R2 -> R C1]', '[B R1 -> B C2]', '[G L1 -> G R1]']",0.04953625663766238,0.4,0.5
6,1.25,"[32, 45, 46, 45, 46, 54]","['[G C1 -> G L1]', '[R R2 -> R C1]', '[B R1 -> B C2]', '[B C2 -> B R1]', '[B R1 -> B C2]', '[G L1 -> G R1]']",0.04953625663766238,0.4,0.5
4,100.25,"[32, 45, 46, 54]","['[G C1 -> G L1]', '[R R2 -> R C1]', '[B R1 -> B C2]', '[G L1 -> G R1]']",0.04953625663766238,0.4,0.5
4,100.25,"[32, 45, 46, 54]","['[G C1 -> G L1]', '[R R2 -> R C1]', '[B R1 -> B C2]', '[G L1 -> G R1]']",0.04953625663766238,0.4,0.5
4,100.25,"[32, 45, 46, 54]","['[G C1 -> G L1]', '[R R2 -> R C1]', '[B R1 -> B C2]', '[G L1 -> G R1]']",0.04953625663766238,0.4,0.5
4,100.25,"[32, 45, 46, 54]","['[G C1 -> G L1]', '[R R2 -> R C1]', '[B R1 -> B C2]', '[G L1 -> G R1]']",0.04953625663766238,0.4,0.5
4,100.25,"[32, 45, 46, 54]","['[G C1 -> G L1]', '[R R2 -> R C1]', '[B R1 -> B C2]', '[G L1 -> G R1]']",0.04953625663766238,0.4,0.5
4,100.25,"[32, 45, 46, 54]","['[G C1 -> G L1]', '[R R2 -> R C1]', '[B R1 -> B C2]', '[G L1 -> G R1]']",0.04953625663766238,0.4,0.5
4,100.25,"[32, 45, 46, 54]","['[G C1 -> G L1]', '[R R2 -> R C1]', '[B R1 -> B C2]', '[G L1 -> G R1]']",0.04953625663766238,0.4,0.5
4,100.25,"[32, 45, 46, 54]","['[G C1 -> G L1]', '[R R2 -> R C1]', '[B R1 -> B C2]', '[G L1 -> G R1]']",0.04953625663766238,0.4,0.5
4,100.25,"[32, 45, 46, 54]","['[G C1 -> G L1]', '[R R2 -> R C1]', '[B R1 -> B C2]', '[G L1 -> G R1]']",0.04953625663766238,0.4,0.5
4,100.25,"[32, 45, 46, 54]","['[G C1 -> G L1]', '[R R2 -> R C1]', '[B R1 -> B C2]', '[G L1 -> G R1]']",0.04953625663766238,0.4,0.5
6,1.25,"[32, 31, 32, 45, 46, 54]","['[G C1 -> G L1]', '[G L1 -> G R2]', '[G R2 -> G L1]', '[R R2 -> R C1]', '[B R1 -> B C2]', '[G L1 -> G R1]']",0.04953625663766238,0.4,0.5
4,100.25,"[32, 45, 46, 54]","['[G C1 -> G L1]', '[R R2 -> R C1]', '[B R1 -> B C2]', '[G L1 -> G R1]']",0.04953625663766238,0.4,0.5
4,100.25,"[32, 45, 46, 54]","['[G C1 -> G L1]', '[R R2 -> R C1]', '[B R1 -> B C2]', '[G L1 -> G R1]']",0.04953625663766238,0.4,0.5
4,100.25,"[32, 45, 46, 54]","['[G C1 -> G L1]', '[R R2 -> R C1]', '[B R1 -> B C2]', '[G L1 -> G R1]']",0.04953625663766238,0.4,0.5
4,100.25,"[32, 45, 46, 54]","['[G C1 -> G L1]', '[R R2 -> R C1]', '[B R1 -> B C2]', '[G L1 -> G R1]']",0.04953625663766238,0.4,0.5
4,100.25,"[32, 45, 46, 54]","['[G C1 -> G L1]', '[R R2 -> R C1]', '[B R1 -> B C2]', '[G L1 -> G R1]']",0.04953625663766238,0.4,0.5
4,100.25,"[32, 45, 46, 54]","['[G C1 -> G L1]', '[R R2 -> R C1]', '[B R1 -> B C2]', '[G L1 -> G R1]']",0.04953625663766238,0.4,0.5
4,100.25,"[32, 45, 46, 54]","['[G C1 -> G L1]', '[R R2 -> R C1]', '[B R1 -> B C2]', '[G L1 -> G R1]']",0.04953625663766238,0.4,0.5
4,100.25,"[32, 45, 46, 54]","['[G C1 -> G L1]', '[R R2 -> R C1]', '[B R1 -> B C2]', '[G L1 -> G R1]']",0.04953625663766238,0.4,0.5
6,1.25,"[32, 45, 43, 45, 46, 54]","['[G C1 -> G L1]', '[R R2 -> R C1]', '[G L1 -> G R2]', '[G R2 -> G L1]', '[B R1 -> B C2]', '[G L1 -> G R1]']",0.04953625663766238,0.4,0.5
5,1.25,"[31, 32, 45, 46, 54]","['[G C1 -> G R2]', '[G R2 -> G L1]', '[R R2 -> R C1]', '[B R1 -> B C2]', '[G L1 -> G R1]']",0.04953625663766238,0.4,0.5
6,1.25,"[32, 45, 44, 45, 46, 54]","['[G C1 -> G L1]', '[R R2 -> R C1]', '[G L1 -> G C2]', '[G C2 -> G L1]', '[B R1 -> B C2]', '[G L1 -> G R1]']",0.04953625663766238,0.4,0.5
4,100.25,"[32, 45, 46, 54]","['[G C1 -> G L1]', '[R R2 -> R C1]', '[B R1 -> B C2]', '[G L1 -> G R1]']",0.04953625663766238,0.4,0.5
4,100.25,"[32, 45, 46, 54]","['[G C1 -> G L1]', '[R R2 -> R C1]', '[B R1 -> B C2]', '[G L1 -> G R1]']",0.04953625663766238,0.4,0.5
4,100.25,"[32, 45, 46, 54]","['[G C1 -> G L1]', '[R R2 -> R C1]', '[B R1 -> B C2]', '[G L1 -> G R1]']",0.04953625663766238,0.4,0.5
4,100.25,"[32, 45, 46, 54]","['[G C1 -> G L1]', '[R R2 -> R C1]', '[B R1 -> B C2]', '[G L1 -> G R1]']",0.04953625663766238,0.4,0.5
4,100.25,"[32, 45, 46, 54]","['[G C1 -> G L1]', '[R R2 -> R C1]', '[B R1 -> B C2]', '[G L1 -> G R1]']",0.04953625663766238,0.4,0.5
4,100.25,"[32, 45, 46, 54]","['[G C1 -> G L1]', '[R R2 -> R C1]', '[B R1 -> B C2]', '[G L1 -> G R1]']",0.04953625663766238,0.4,0.5
4,100.25,"[32, 45, 46, 54]","['[G C1 -> G L1]', '[R R2 -> R C1]', '[B R1 -> B C2]', '[G L1 -> G R1]']",0.04953625663766238,0.4,0.5
4,100.25,"[32, 45, 46, 54]","['[G C1 -> G L1]', '[R R2 -> R C1]', '[B R1 -> B C2]', '[G L1 -> G R1]']",0.04953625663766238,0.4,0.5
4,100.25,"[32, 45, 46, 54]","['[G C1 -> G L1]', '[R R2 -> R C1]', '[B R1 -> B C2]', '[G L1 -> G R1]']",0.04953625663766238,0.4,0.5
4,100.25,"[32, 45, 46, 54]","['[G C1 -> G L1]', '[R R2 -> R C1]', '[B R1 -> B C2]', '[G L1 -> G R1]']",0.04953625663766238,0.4,0.5
4,100.25,"[32, 45, 46, 54]","['[G C1 -> G L1]', '[R R2 -> R C1]', '[B R1 -> B C2]', '[G L1 -> G R1]']",0.04953625663766238,0.4,0.5
6,1.25,"[32, 33, 32, 45, 46, 54]","['[G C1 -> G L1]', '[G L1 -> G C1]', '[G C1 -> G L1]', '[R R2 -> R C1]', '[B R1 -> B C2]', '[G L1 -> G R1]']",0.04953625663766238,0.4,0.5
4,100.25,"[32, 45, 46, 54]","['[G C1 -> G L1]', '[R R2 -> R C1]', '[B R1 -> B C2]', '[G L1 -> G R1]']",0.04953625663766238,0.4,0.5
4,100.25,"[32, 45, 46, 54]","['[G C1 -> G L1]', '[R R2 -> R C1]', '[B R1 -> B C2]', '[G L1 -> G R1]']",0.04953625663766238,0.4,0.5
4,100.25,"[32, 45, 46, 54]","['[G C1 -> G L1]', '[R R2 -> R C1]', '[B R1 -> B C2]', '[G L1 -> G R1]']",0.04953625663766238,0.4,0.5
4,100.25,"[32, 45, 46, 54]","['[G C1 -> G L1]', '[R R2 -> R C1]', '[B R1 -> B C2]', '[G L1 -> G R1]']",0.04953625663766238,0.4,0.5
4,100.25,"[32, 45, 46, 54]","['[G C1 -> G L1]', '[R R2 -> R C1]', '[B R1 -> B C2]', '[G L1 -> G R1]']",0.04953625663766238,0.4,0.5
4,100.25,"[32, 45, 46, 54]","['[G C1 -> G L1]', '[R R2 -> R C1]', '[B R1 -> B C2]', '[G L1 -> G R1]']",0.04953625663766238,0.4,0.5
4,100.25,"[32, 45, 46, 54]","['[G C1 -> G L1]', '[R R2 -> R C1]', '[B R1 -> B C2]', '[G L1 -> G R1]']",0.04953625663766238,0.4,0.5
4,100.25,"[32, 45, 46, 54]","['[G C1 -> G L1]', '[R R2 -> R C1]', '[B R1 -> B C2]', '[G L1 -> G R1]']",0.04953625663766238,0.4,0.5
4,100.25,"[32, 45, 46, 54]","['[G C1 -> G L1]', '[R R2 -> R C1]', '[B R1 -> B C2]', '[G L1 -> G R1]']",0.04953625663766238,0.4,0.5
6,1.25,"[32, 45, 46, 45, 46, 54]","['[G C1 -> G L1]', '[R R2 -> R C1]', '[B R1 -> B C2]', '[B C2 -> B R1]', '[B R1 -> B C2]', '[G L1 -> G R1]']",0.04953625663766238,0.4,0.5
4,100.25,"[32, 45, 46, 54]","['[G C1 -> G L1]', '[R R2 -> R C1]', '[B R1 -> B C2]', '[G L1 -> G R1]']",0.04953625663766238,0.4,0.5
4,100.25,"[32, 45, 46, 54]","['[G C1 -> G L1]', '[R R2 -> R C1]', '[B R1 -> B C2]', '[G L1 -> G R1]']",0.04953625663766238,0.4,0.5
4,100.25,"[32, 45, 46, 54]","['[G C1 -> G L1]', '[R R2 -> R C1]', '[B R1 -> B C2]', '[G L1 -> G R1]']",0.04953625663766238,0.4,0.5
4,100.25,"[32, 45, 46, 54]","['[G C1 -> G L1]', '[R R2 -> R C1]', '[B R1 -> B C2]', '[G L1 -> G R1]']",0.04953625663766238,0.4,0.5
6,1.25,"[32, 31, 32, 45, 46, 54]","['[G C1 -> G L1]', '[G L1 -> G R2]', '[G R2 -> G L1]', '[R R2 -> R C1]', '[B R1 -> B C2]', '[G L1 -> G R1]']",0.04953625663766238,0.4,0.5
4,100.25,"[32, 45, 46, 54]","['[G C1 -> G L1]', '[R R2 -> R C1]', '[B R1 -> B C2]', '[G L1 -> G R1]']",0.04953625663766238,0.4,0.5
4,100.25,"[32, 45, 46, 54]","['[G C1 -> G L1]', '[R R2 -> R C1]', '[B R1 -> B C2]', '[G L1 -> G R1]']",0.04953625663766238,0.4,0.5
4,100.25,"[32, 45, 46, 54]","['[G C1 -> G L1]', '[R R2 -> R C1]', '[B R1 -> B C2]', '[G L1 -> G R1]']",0.04953625663766238,0.4,0.5
4,100.25,"[32, 45, 46, 54]","['[G C1 -> G L1]', '[R R2 -> R C1]', '[B R1 -> B C2]', '[G L1 -> G R1]']",0.04953625663766238,0.4,0.5
4,100.25,"[32, 45, 46, 54]","['[G C1 -> G L1]', '[R R2 -> R C1]', '[B R1 -> B C2]', '[G L1 -> G R1]']",0.04953625663766238,0.4,0.5
4,100.25,"[32, 45, 46, 54]","['[G C1 -> G L1]', '[R R2 -> R C1]', '[B R1 -> B C2]', '[G L1 -> G R1]']",0.04953625663766238,0.4,0.5
4,100.25,"[32, 45, 46, 54]","['[G C1 -> G L1]', '[R R2 -> R C1]', '[B R1 -> B C2]', '[G L1 -> G R1]']",0.04953625663766238,0.4,0.5
4,100.25,"[32, 45, 46, 54]","['[G C1 -> G L1]', '[R R2 -> R C1]', '[B R1 -> B C2]', '[G L1 -> G R1]']",0.04953625663766238,0.4,0.5
4,100.25,"[32, 45, 46, 54]","['[G C1 -> G L1]', '[R R2 -> R C1]', '[B R1 -> B C2]', '[G L1 -> G R1]']",0.04953625663766238,0.4,0.5
4,100.25,"[32, 45, 46, 54]","['[G C1 -> G L1]', '[R R2 -> R C1]', '[B R1 -> B C2]', '[G L1 -> G R1]']",0.04953625663766238,0.4,0.5
4,100.25,"[32, 45, 46, 54]","['[G C1 -> G L1]', '[R R2 -> R C1]', '[B R1 -> B C2]', '[G L1 -> G R1]']",0.04953625663766238,0.4,0.5
4,100.25,"[32, 45, 46, 54]","['[G C1 -> G L1]', '[R R2 -> R C1]', '[B R1 -> B C2]', '[G L1 -> G R1]']",0.04953625663766238,0.4,0.5
5,1.25,"[31, 32, 45, 46, 54]","['[G C1 -> G R2]', '[G R2 -> G L1]', '[R R2 -> R C1]', '[B R1 -> B C2]', '[G L1 -> G R1]']",0.04953625663766238,0.4,0.5
4,100.25,"[32, 45, 46, 54]","['[G C1 -> G L1]', '[R R2 -> R C1]', '[B R1 -> B C2]', '[G L1 -> G R1]']",0.04953625663766238,0.4,0.5
4,100.25,"[32, 45, 46, 54]","['[G C1 -> G L1]', '[R R2 -> R C1]', '[B R1 -> B C2]', '[G L1 -> G R1]']",0.04953625663766238,0.4,0.5
4,100.25,"[32, 45, 46, 54]","['[G C1 -> G L1]', '[R R2 -> R C1]', '[B R1 -> B C2]', '[G L1 -> G R1]']",0.04953625663766238,0.4,0.5
4,100.25,"[32, 45, 46, 54]","['[G C1 -> G L1]', '[R R2 -> R C1]', '[B R1 -> B C2]', '[G L1 -> G R1]']",0.04953625663766238,0.4,0.5
4,100.25,"[32, 45, 46, 54]","['[G C1 -> G L1]', '[R R2 -> R C1]', '[B R1 -> B C2]', '[G L1 -> G R1]']",0.04953625663766238,0.4,0.5
4,100.25,"[32, 45, 46, 54]","['[G C1 -> G L1]', '[R R2 -> R C1]', '[B R1 -> B C2]', '[G L1 -> G R1]']",0.04953625663766238,0.4,0.5
4,100.25,"[32, 45, 46, 54]","['[G C1 -> G L1]', '[R R2 -> R C1]', '[B R1 -> B C2]', '[G L1 -> G R1]']",0.04953625663766238,0.4,0.5
4,100.25,"[32, 45, 46, 54]","['[G C1 -> G L1]', '[R R2 -> R C1]', '[B R1 -> B C2]', '[G L1 -> G R1]']",0.04953625663766238,0.4,0.5
4,100.25,"[32, 45, 46, 54]","['[G C1 -> G L1]', '[R R2 -> R C1]', '[B R1 -> B C2]', '[G L1 -> G R1]']",0.04953625663766238,0.4,0.5
4,100.25,"[32, 45, 46, 54]","['[G C1 -> G L1]', '[R R2 -> R C1]', '[B R1 -> B C2]', '[G L1 -> G R1]']",0.04953625663766238,0.4,0.5
4,100.25,"[32, 45, 46, 54]","['[G C1 -> G L1]', '[R R2 -> R C1]', '[B R1 -> B C2]', '[G L1 -> G R1]']",0.04953625663766238,0.4,0.5
4,100.25,"[32, 45, 46, 54]","['[G C1 -> G L1]', '[R R2 -> R C1]', '[B R1 -> B C2]', '[G L1 -> G R1]']",0.04953625663766238,0.4,0.5
4,100.25,"[32, 45, 46, 54]","['[G C1 -> G L1]', '[R R2 -> R C1]', '[B R1 -> B C2]', '[G L1 -> G R1]']",0.04953625663766238,0.4,0.5
4,100.25,"[32, 45, 46, 54]","['[G C1 -> G L1]', '[R R2 -> R C1]', '[B R1 -> B C2]', '[G L1 -> G R1]']",0.04953625663766238,0.4,0.5
4,100.25,"[32, 45, 46, 54]","['[G C1 -> G L1]', '[R R2 -> R C1]', '[B R1 -> B C2]', '[G L1 -> G R1]']",0.04953625663766238,0.4,0.5
4,100.25,"[32, 45, 46, 54]","['[G C1 -> G L1]', '[R R2 -> R C1]', '[B R1 -> B C2]', '[G L1 -> G R1]']",0.04953625663766238,0.4,0.5
4,100.25,"[32, 45, 46, 54]","['[G C1 -> G L1]', '[R R2 -> R C1]', '[B R1 -> B C2]', '[G L1 -> G R1]']",0.04953625663766238,0.4,0.5
6,1.25,"[32, 45, 46, 45, 46, 54]","['[G C1 -> G L1]', '[R R2 -> R C1]', '[B R1 -> B C2]', '[B C2 -> B R1]', '[B R1 -> B C2]', '[G L1 -> G R1]']",0.04953625663766238,0.4,0.5
4,100.25,"[32, 45, 46, 54]","['[G C1 -> G L1]', '[R R2 -> R C1]', '[B R1 -> B C2]', '[G L1 -> G R1]']",0.04953625663766238,0.4,0.5
4,100.25,"[32, 45, 46, 54]","['[G C1 -> G L1]', '[R R2 -> R C1]', '[B R1 -> B C2]', '[G L1 -> G R1]']",0.04953625663766238,0.4,0.5
6,1.25,"[32, 31, 32, 45, 46, 54]","['[G C1 -> G L1]', '[G L1 -> G R2]', '[G R2 -> G L1]', '[R R2 -> R C1]', '[B R1 -> B C2]', '[G L1 -> G R1]']",0.04953625663766238,0.4,0.5
4,100.25,"[32, 45, 46, 54]","['[G C1 -> G L1]', '[R R2 -> R C1]', '[B R1 -> B C2]', '[G L1 -> G R1]']",0.04953625663766238,0.4,0.5
4,100.25,"[32, 45, 46, 54]","['[G C1 -> G L1]', '[R R2 -> R C1]', '[B R1 -> B C2]', '[G L1 -> G R1]']",0.04953625663766238,0.4,0.5
4,100.25,"[32, 45, 46, 54]","['[G C1 -> G L1]', '[R R2 -> R C1]', '[B R1 -> B C2]', '[G L1 -> G R1]']",0.04953625663766238,0.4,0.5
6,1.25,"[32, 45, 46, 45, 46, 54]","['[G C1 -> G L1]', '[R R2 -> R C1]', '[B R1 -> B C2]', '[B C2 -> B R1]', '[B R1 -> B C2]', '[G L1 -> G R1]']",0.04953625663766238,0.4,0.5
4,100.25,"[32, 45, 46, 54]","['[G C1 -> G L1]', '[R R2 -> R C1]', '[B R1 -> B C2]', '[G L1 -> G R1]']",0.04953625663766238,0.4,0.5
4,100.25,"[32, 45, 46, 54]","['[G C1 -> G L1]', '[R R2 -> R C1]', '[B R1 -> B C2]', '[G L1 -> G R1]']",0.04953625663766238,0.4,0.5
4,100.25,"[32, 45, 46, 54]","['[G C1 -> G L1]', '[R R2 -> R C1]', '[B R1 -> B C2]', '[G L1 -> G R1]']",0.04953625663766238,0.4,0.5
4,100.25,"[32, 45, 46, 54]","['[G C1 -> G L1]', '[R R2 -> R C1]', '[B R1 -> B C2]', '[G L1 -> G R1]']",0.04953625663766238,0.4,0.5
4,100.25,"[32, 45, 46, 54]","['[G C1 -> G L1]', '[R R2 -> R C1]', '[B R1 -> B C2]', '[G L1 -> G R1]']",0.04953625663766238,0.4,0.5
4,100.25,"[32, 45, 46, 54]","['[G C1 -> G L1]', '[R R2 -> R C1]', '[B R1 -> B C2]', '[G L1 -> G R1]']",0.04953625663766238,0.4,0.5
4,100.25,"[32, 45, 46, 54]","['[G C1 -> G L1]', '[R R2 -> R C1]', '[B R1 -> B C2]', '[G L1 -> G R1]']",0.04953625663766238,0.4,0.5
6,1.25,"[32, 45, 43, 45, 46, 54]","['[G C1 -> G L1]', '[R R2 -> R C1]', '[G L1 -> G R2]', '[G R2 -> G L1]', '[B R1 -> B C2]', '[G L1 -> G R1]']",0.04953625663766238,0.4,0.5
4,100.25,"[32, 45, 46, 54]","['[G C1 -> G L1]', '[R R2 -> R C1]', '[B R1 -> B C2]', '[G L1 -> G R1]']",0.04953625663766238,0.4,0.5
4,100.25,"[32, 45, 46, 54]","['[G C1 -> G L1]', '[R R2 -> R C1]', '[B R1 -> B C2]', '[G L1 -> G R1]']",0.04953625663766238,0.4,0.5
4,100.25,"[32, 45, 46, 54]","['[G C1 -> G L1]', '[R R2 -> R C1]', '[B R1 -> B C2]', '[G L1 -> G R1]']",0.04953625663766238,0.4,0.5
4,100.25,"[32, 45, 46, 54]","['[G C1 -> G L1]', '[R R2 -> R C1]', '[B R1 -> B C2]', '[G L1 -> G R1]']",0.04953625663766238,0.4,0.5
4,100.25,"[32, 45, 46, 54]","['[G C1 -> G L1]', '[R R2 -> R C1]', '[B R1 -> B C2]', '[G L1 -> G R1]']",0.04953625663766238,0.4,0.5
4,100.25,"[32, 45, 46, 54]","['[G C1 -> G L1]', '[R R2 -> R C1]', '[B R1 -> B C2]', '[G L1 -> G R1]']",0.04953625663766238,0.4,0.5
4,100.25,"[32, 45, 46, 54]","['[G C1 -> G L1]', '[R R2 -> R C1]', '[B R1 -> B C2]', '[G L1 -> G R1]']",0.04953625663766238,0.4,0.5
4,100.25,"[32, 45, 46, 54]","['[G C1 -> G L1]', '[R R2 -> R C1]', '[B R1 -> B C2]', '[G L1 -> G R1]']",0.04953625663766238,0.4,0.5
4,100.25,"[32, 45, 46, 54]","['[G C1 -> G L1]', '[R R2 -> R C1]', '[B R1 -> B C2]', '[G L1 -> G R1]']",0.04953625663766238,0.4,0.5
4,100.25,"[32, 45, 46, 54]","['[G C1 -> G L1]', '[R R2 -> R C1]', '[B R1 -> B C2]', '[G L1 -> G R1]']",0.04953625663766238,0.4,0.5
4,100.25,"[32, 45, 46, 54]","['[G C1 -> G L1]', '[R R2 -> R C1]', '[B R1 -> B C2]', '[G L1 -> G R1]']",0.04953625663766238,0.4,0.5
4,100.25,"[32, 45, 46, 54]","['[G C1 -> G L1]', '[R R2 -> R C1]', '[B R1 -> B C2]', '[G L1 -> G R1]']",0.04953625663766238,0.4,0.5
4,100.25,"[32, 45, 46, 54]","['[G C1 -> G L1]', '[R R2 -> R C1]', '[B R1 -> B C2]', '[G L1 -> G R1]']",0.04953625663766238,0.4,0.5
4,100.25,"[32, 45, 46, 54]","['[G C1 -> G L1]', '[R R2 -> R C1]', '[B R1 -> B C2]', '[G L1 -> G R1]']",0.04953625663766238,0.4,0.5
4,100.25,"[32, 45, 46, 54]","['[G C1 -> G L1]', '[R R2 -> R C1]', '[B R1 -> B C2]', '[G L1 -> G R1]']",0.04953625663766238,0.4,0.5
4,100.25,"[32, 45, 46, 54]","['[G C1 -> G L1]', '[R R2 -> R C1]', '[B R1 -> B C2]', '[G L1 -> G R1]']",0.04953625663766238,0.4,0.5
4,100.25,"[32, 45, 46, 54]","['[G C1 -> G L1]', '[R R2 -> R C1]', '[B R1 -> B C2]', '[G L1 -> G R1]']",0.04953625663766238,0.4,0.5
4,100.25,"[32, 45, 46, 54]","['[G C1 -> G L1]', '[R R2 -> R C1]', '[B R1 -> B C2]', '[G L1 -> G R1]']",0.04953625663766238,0.4,0.5
4,100.25,"[32, 45, 46, 54]","['[G C1 -> G L1]', '[R R2 -> R C1]', '[B R1 -> B C2]', '[G L1 -> G R1]']",0.04953625663766238,0.4,0.5
4,100.25,"[32, 45, 46, 54]","['[G C1 -> G L1]', '[R R2 -> R C1]', '[B R1 -> B C2]', '[G L1 -> G R1]']",0.04953625663766238,0.4,0.5
4,100.25,"[32, 45, 46, 54]","['[G C1 -> G L1]', '[R R2 -> R C1]', '[B R1 -> B C2]', '[G L1 -> G R1]']",0.04953625663766238,0.4,0.5
4,100.25,"[32, 45, 46, 54]","['[G C1 -> G L1]', '[R R2 -> R C1]', '[B R1 -> B C2]', '[G L1 -> G R1]']",0.04953625663766238,0.4,0.5
4,100.25,"[32, 45, 46, 54]","['[G C1 -> G L1]', '[R R2 -> R C1]', '[B R1 -> B C2]', '[G L1 -> G R1]']",0.04953625663766238,0.4,0.5
4,100.25,"[32, 45, 46, 54]","['[G C1 -> G L1]', '[R R2 -> R C1]', '[B R1 -> B C2]', '[G L1 -> G R1]']",0.04953625663766238,0.4,0.5
4,100.25,"[32, 45, 46, 54]","['[G C1 -> G L1]', '[R R2 -> R C1]', '[B R1 -> B C2]', '[G L1 -> G R1]']",0.04953625663766238,0.4,0.5
4,100.25,"[32, 45, 46, 54]","['[G C1 -> G L1]', '[R R2 -> R C1]', '[B R1 -> B C2]', '[G L1 -> G R1]']",0.04953625663766238,0.4,0.5
4,100.25,"[32, 45, 46, 54]","['[G C1 -> G L1]', '[R R2 -> R C1]', '[B R1 -> B C2]', '[G L1 -> G R1]']",0.04953625663766238,0.4,0.5
4,100.25,"[32, 45, 46, 54]","['[G C1 -> G L1]', '[R R2 -> R C1]', '[B R1 -> B C2]', '[G L1 -> G R1]']",0.04953625663766238,0.4,0.5
4,100.25,"[32, 45, 46, 54]","['[G C1 -> G L1]', '[R R2 -> R C1]', '[B R1 -> B C2]', '[G L1 -> G R1]']",0.04953625663766238,0.4,0.5
4,100.25,"[32, 45, 46, 54]","['[G C1 -> G L1]', '[R R2 -> R C1]', '[B R1 -> B C2]', '[G L1 -> G R1]']",0.04953625663766238,0.4,0.5
6,1.25,"[32, 45, 44, 45, 46, 54]","['[G C1 -> G L1]', '[R R2 -> R C1]', '[G L1 -> G C2]', '[G C2 -> G L1]', '[B R1 -> B C2]', '[G L1 -> G R1]']",0.04953625663766238,0.4,0.5
4,100.25,"[32, 45, 46, 54]","['[G C1 -> G L1]', '[R R2 -> R C1]', '[B R1 -> B C2]', '[G L1 -> G R1]']",0.04953625663766238,0.4,0.5
4,100.25,"[32, 45, 46, 54]","['[G C1 -> G L1]', '[R R2 -> R C1]', '[B R1 -> B C2]', '[G L1 -> G R1]']",0.04953625663766238,0.4,0.5
4,100.25,"[32, 45, 46, 54]","['[G C1 -> G L1]', '[R R2 -> R C1]', '[B R1 -> B C2]', '[G L1 -> G R1]']",0.04953625663766238,0.4,0.5
4,100.25,"[32, 45, 46, 54]","['[G C1 -> G L1]', '[R R2 -> R C1]', '[B R1 -> B C2]', '[G L1 -> G R1]']",0.04953625663766238,0.4,0.5
6,1.25,"[34, 33, 32, 45, 46, 54]","['[R R2 -> R C2]', '[R C2 -> R R2]', '[G C1 -> G L1]', '[R R2 -> R C1]', '[B R1 -> B C2]', '[G L1 -> G R1]']",0.04953625663766238,0.4,0.5
4,100.25,"[32, 45, 46, 54]","['[G C1 -> G L1]', '[R R2 -> R C1]', '[B R1 -> B C2]', '[G L1 -> G R1]']",0.04953625663766238,0.4,0.5
4,100.25,"[32, 45, 46, 54]","['[G C1 -> G L1]', '[R R2 -> R C1]', '[B R1 -> B C2]', '[G L1 -> G R1]']",0.04953625663766238,0.4,0.5
6,1.25,"[32, 45, 44, 45, 46, 54]","['[G C1 -> G L1]', '[R R2 -> R C1]', '[G L1 -> G C2]', '[G C2 -> G L1]', '[B R1 -> B C2]', '[G L1 -> G R1]']",0.04953625663766238,0.4,0.5
4,100.25,"[32, 45, 46, 54]","['[G C1 -> G L1]', '[R R2 -> R C1]', '[B R1 -> B C2]', '[G L1 -> G R1]']",0.04953625663766238,0.4,0.5
4,100.25,"[32, 45, 46, 54]","['[G C1 -> G L1]', '[R R2 -> R C1]', '[B R1 -> B C2]', '[G L1 -> G R1]']",0.04953625663766238,0.4,0.5
4,100.25,"[32, 45, 46, 54]","['[G C1 -> G L1]', '[R R2 -> R C1]', '[B R1 -> B C2]', '[G L1 -> G R1]']",0.04953625663766238,0.4,0.5
4,100.25,"[32, 45, 46, 54]","['[G C1 -> G L1]', '[R R2 -> R C1]', '[B R1 -> B C2]', '[G L1 -> G R1]']",0.04953625663766238,0.4,0.5
4,100.25,"[32, 45, 46, 54]","['[G C1 -> G L1]', '[R R2 -> R C1]', '[B R1 -> B C2]', '[G L1 -> G R1]']",0.04953625663766238,0.4,0.5
6,1.25,"[32, 31, 32, 45, 46, 54]","['[G C1 -> G L1]', '[G L1 -> G R2]', '[G R2 -> G L1]', '[R R2 -> R C1]', '[B R1 -> B C2]', '[G L1 -> G R1]']",0.04953625663766238,0.4,0.5
4,100.25,"[32, 45, 46, 54]","['[G C1 -> G L1]', '[R R2 -> R C1]', '[B R1 -> B C2]', '[G L1 -> G R1]']",0.04953625663766238,0.4,0.5
4,100.25,"[32, 45, 46, 54]","['[G C1 -> G L1]', '[R R2 -> R C1]', '[B R1 -> B C2]', '[G L1 -> G R1]']",0.04953625663766238,0.4,0.5
4,100.25,"[32, 45, 46, 54]","['[G C1 -> G L1]', '[R R2 -> R C1]', '[B R1 -> B C2]', '[G L1 -> G R1]']",0.04953625663766238,0.4,0.5
4,100.25,"[32, 45, 46, 54]","['[G C1 -> G L1]', '[R R2 -> R C1]', '[B R1 -> B C2]', '[G L1 -> G R1]']",0.04953625663766238,0.4,0.5
4,100.25,"[32, 45, 46, 54]","['[G C1 -> G L1]', '[R R2 -> R C1]', '[B R1 -> B C2]', '[G L1 -> G R1]']",0.04953625663766238,0.4,0.5
4,100.25,"[32, 45, 46, 54]","['[G C1 -> G L1]', '[R R2 -> R C1]', '[B R1 -> B C2]', '[G L1 -> G R1]']",0.04953625663766238,0.4,0.5
4,100.25,"[32, 45, 46, 54]","['[G C1 -> G L1]', '[R R2 -> R C1]', '[B R1 -> B C2]', '[G L1 -> G R1]']",0.04953625663766238,0.4,0.5
4,100.25,"[32, 45, 46, 54]","['[G C1 -> G L1]', '[R R2 -> R C1]', '[B R1 -> B C2]', '[G L1 -> G R1]']",0.04953625663766238,0.4,0.5
4,100.25,"[32, 45, 46, 54]","['[G C1 -> G L1]', '[R R2 -> R C1]', '[B R1 -> B C2]', '[G L1 -> G R1]']",0.04953625663766238,0.4,0.5
4,100.25,"[32, 45, 46, 54]","['[G C1 -> G L1]', '[R R2 -> R C1]', '[B R1 -> B C2]', '[G L1 -> G R1]']",0.04953625663766238,0.4,0.5
4,100.25,"[32, 45, 46, 54]","['[G C1 -> G L1]', '[R R2 -> R C1]', '[B R1 -> B C2]', '[G L1 -> G R1]']",0.04953625663766238,0.4,0.5
4,100.25,"[32, 45, 46, 54]","['[G C1 -> G L1]', '[R R2 -> R C1]', '[B R1 -> B C2]', '[G L1 -> G R1]']",0.04953625663766238,0.4,0.5
4,100.25,"[32, 45, 46, 54]","['[G C1 -> G L1]', '[R R2 -> R C1]', '[B R1 -> B C2]', '[G L1 -> G R1]']",0.04953625663766238,0.4,0.5
4,100.25,"[32, 45, 46, 54]","['[G C1 -> G L1]', '[R R2 -> R C1]', '[B R1 -> B C2]', '[G L1 -> G R1]']",0.04953625663766238,0.4,0.5
4,100.25,"[32, 45, 46, 54]","['[G C1 -> G L1]', '[R R2 -> R C1]', '[B R1 -> B C2]', '[G L1 -> G R1]']",0.04953625663766238,0.4,0.5
4,100.25,"[32, 45, 46, 54]","['[G C1 -> G L1]', '[R R2 -> R C1]', '[B R1 -> B C2]', '[G L1 -> G R1]']",0.04953625663766238,0.4,0.5
4,100.25,"[32, 45, 46, 54]","['[G C1 -> G L1]', '[R R2 -> R C1]', '[B R1 -> B C2]', '[G L1 -> G R1]']",0.04953625663766238,0.4,0.5
4,100.25,"[32, 45, 46, 54]","['[G C1 -> G L1]', '[R R2 -> R C1]', '[B R1 -> B C2]', '[G L1 -> G R1]']",0.04953625663766238,0.4,0.5
4,100.25,"[32, 45, 46, 54]","['[G C1 -> G L1]', '[R R2 -> R C1]', '[B R1 -> B C2]', '[G L1 -> G R1]']",0.04953625663766238,0.4,0.5
6,1.25,"[35, 33, 32, 45, 46, 54]","['[R R2 -> R L1]', '[R L1 -> R R2]', '[G C1 -> G L1]', '[R R2 -> R C1]', '[B R1 -> B C2]', '[G L1 -> G R1]']",0.04953625663766238,0.4,0.5
4,100.25,"[32, 45, 46, 54]","['[G C1 -> G L1]', '[R R2 -> R C1]', '[B R1 -> B C2]', '[G L1 -> G R1]']",0.04953625663766238,0.4,0.5
6,1.0,"[32, 45, 32, 45, 46, 54]","['[G C1 -> G L1]', '[R R2 -> R C1]', '[R C1 -> R R2]', '[R R2 -> R C1]', '[B R1 -> B C2]', '[G L1 -> G R1]']",0.04953625663766238,0.4,0.5
4,100.25,"[32, 45, 46, 54]","['[G C1 -> G L1]', '[R R2 -> R C1]', '[B R1 -> B C2]', '[G L1 -> G R1]']",0.04953625663766238,0.4,0.5
4,100.25,"[32, 45, 46, 54]","['[G C1 -> G L1]', '[R R2 -> R C1]', '[B R1 -> B C2]', '[G L1 -> G R1]']",0.04953625663766238,0.4,0.5
6,1.25,"[32, 45, 44, 45, 46, 54]","['[G C1 -> G L1]', '[R R2 -> R C1]', '[G L1 -> G C2]', '[G C2 -> G L1]', '[B R1 -> B C2]', '[G L1 -> G R1]']",0.04953625663766238,0.4,0.5
4,100.25,"[32, 45, 46, 54]","['[G C1 -> G L1]', '[R R2 -> R C1]', '[B R1 -> B C2]', '[G L1 -> G R1]']",0.04953625663766238,0.4,0.5
4,100.25,"[32, 45, 46, 54]","['[G C1 -> G L1]', '[R R2 -> R C1]', '[B R1 -> B C2]', '[G L1 -> G R1]']",0.04953625663766238,0.4,0.5
4,100.25,"[32, 45, 46, 54]","['[G C1 -> G L1]', '[R R2 -> R C1]', '[B R1 -> B C2]', '[G L1 -> G R1]']",0.04953625663766238,0.4,0.5
4,100.25,"[32, 45, 46, 54]","['[G C1 -> G L1]', '[R R2 -> R C1]', '[B R1 -> B C2]', '[G L1 -> G R1]']",0.04953625663766238,0.4,0.5
4,100.25,"[32, 45, 46, 54]","['[G C1 -> G L1]', '[R R2 -> R C1]', '[B R1 -> B C2]', '[G L1 -> G R1]']",0.04953625663766238,0.4,0.5
4,100.25,"[32, 45, 46, 54]","['[G C1 -> G L1]', '[R R2 -> R C1]', '[B R1 -> B C2]', '[G L1 -> G R1]']",0.04953625663766238,0.4,0.5
8,1.25,"[34, 33, 32, 45, 46, 45, 46, 54]","['[R R2 -> R C2]', '[R C2 -> R R2]', '[G C1 -> G L1]', '[R R2 -> R C1]', '[B R1 -> B C2]', '[B C2 -> B R1]', '[B R1 -> B C2]', '[G L1 -> G R1]']",0.04953625663766238,0.4,0.5
4,100.25,"[32, 45, 46, 54]","['[G C1 -> G L1]', '[R R2 -> R C1]', '[B R1 -> B C2]', '[G L1 -> G R1]']",0.04953625663766238,0.4,0.5
6,1.25,"[32, 33, 32, 45, 46, 54]","['[G C1 -> G L1]', '[G L1 -> G C1]', '[G C1 -> G L1]', '[R R2 -> R C1]', '[B R1 -> B C2]', '[G L1 -> G R1]']",0.04953625663766238,0.4,0.5
4,100.25,"[32, 45, 46, 54]","['[G C1 -> G L1]', '[R R2 -> R C1]', '[B R1 -> B C2]', '[G L1 -> G R1]']",0.04953625663766238,0.4,0.5
4,100.25,"[32, 45, 46, 54]","['[G C1 -> G L1]', '[R R2 -> R C1]', '[B R1 -> B C2]', '[G L1 -> G R1]']",0.04953625663766238,0.4,0.5
4,100.25,"[32, 45, 46, 54]","['[G C1 -> G L1]', '[R R2 -> R C1]', '[B R1 -> B C2]', '[G L1 -> G R1]']",0.04953625663766238,0.4,0.5
4,100.25,"[32, 45, 46, 54]","['[G C1 -> G L1]', '[R R2 -> R C1]', '[B R1 -> B C2]', '[G L1 -> G R1]']",0.04953625663766238,0.4,0.5
4,100.25,"[32, 45, 46, 54]","['[G C1 -> G L1]', '[R R2 -> R C1]', '[B R1 -> B C2]', '[G L1 -> G R1]']",0.04953625663766238,0.4,0.5
5,1.25,"[31, 32, 45, 46, 54]","['[G C1 -> G R2]', '[G R2 -> G L1]', '[R R2 -> R C1]', '[B R1 -> B C2]', '[G L1 -> G R1]']",0.04953625663766238,0.4,0.5
4,100.25,"[32, 45, 46, 54]","['[G C1 -> G L1]', '[R R2 -> R C1]', '[B R1 -> B C2]', '[G L1 -> G R1]']",0.04953625663766238,0.4,0.5
4,100.25,"[32, 45, 46, 54]","['[G C1 -> G L1]', '[R R2 -> R C1]', '[B R1 -> B C2]', '[G L1 -> G R1]']",0.04953625663766238,0.4,0.5
4,100.25,"[32, 45, 46, 54]","['[G C1 -> G L1]', '[R R2 -> R C1]', '[B R1 -> B C2]', '[G L1 -> G R1]']",0.04953625663766238,0.4,0.5
4,100.25,"[32, 45, 46, 54]","['[G C1 -> G L1]', '[R R2 -> R C1]', '[B R1 -> B C2]', '[G L1 -> G R1]']",0.04953625663766238,0.4,0.5
6,1.25,"[32, 31, 32, 45, 46, 54]","['[G C1 -> G L1]', '[G L1 -> G R2]', '[G R2 -> G L1]', '[R R2 -> R C1]', '[B R1 -> B C2]', '[G L1 -> G R1]']",0.04953625663766238,0.4,0.5
6,1.25,"[32, 45, 46, 45, 46, 54]","['[G C1 -> G L1]', '[R R2 -> R C1]', '[B R1 -> B C2]', '[B C2 -> B R1]', '[B R1 -> B C2]', '[G L1 -> G R1]']",0.04953625663766238,0.4,0.5
4,100.25,"[32, 45, 46, 54]","['[G C1 -> G L1]', '[R R2 -> R C1]', '[B R1 -> B C2]', '[G L1 -> G R1]']",0.04953625663766238,0.4,0.5
4,100.25,"[32, 45, 46, 54]","['[G C1 -> G L1]', '[R R2 -> R C1]', '[B R1 -> B C2]', '[G L1 -> G R1]']",0.04953625663766238,0.4,0.5
4,100.25,"[32, 45, 46, 54]","['[G C1 -> G L1]', '[R R2 -> R C1]', '[B R1 -> B C2]', '[G L1 -> G R1]']",0.04953625663766238,0.4,0.5
4,100.25,"[32, 45, 46, 54]","['[G C1 -> G L1]', '[R R2 -> R C1]', '[B R1 -> B C2]', '[G L1 -> G R1]']",0.04953625663766238,0.4,0.5
4,100.25,"[32, 45, 46, 54]","['[G C1 -> G L1]', '[R R2 -> R C1]', '[B R1 -> B C2]', '[G L1 -> G R1]']",0.04953625663766238,0.4,0.5
4,100.25,"[32, 45, 46, 54]","['[G C1 -> G L1]', '[R R2 -> R C1]', '[B R1 -> B C2]', '[G L1 -> G R1]']",0.04953625663766238,0.4,0.5
4,100.25,"[32, 45, 46, 54]","['[G C1 -> G L1]', '[R R2 -> R C1]', '[B R1 -> B C2]', '[G L1 -> G R1]']",0.04953625663766238,0.4,0.5
8,1.0,"[32, 45, 32, 31, 32, 45, 46, 54]","['[G C1 -> G L1]', '[R R2 -> R C1]', '[R C1 -> R R2]', '[G L1 -> G R2]', '[G R2 -> G L1]', '[R R2 -> R C1]', '[B R1 -> B C2]', '[G L1 -> G R1]']",0.04953625663766238,0.4,0.5
4,100.25,"[32, 45, 46, 54]","['[G C1 -> G L1]', '[R R2 -> R C1]', '[B R1 -> B C2]', '[G L1 -> G R1]']",0.04953625663766238,0.4,0.5
5,1.25,"[31, 32, 45, 46, 54]","['[G C1 -> G R2]', '[G R2 -> G L1]', '[R R2 -> R C1]', '[B R1 -> B C2]', '[G L1 -> G R1]']",0.04953625663766238,0.4,0.5
4,100.25,"[32, 45, 46, 54]","['[G C1 -> G L1]', '[R R2 -> R C1]', '[B R1 -> B C2]', '[G L1 -> G R1]']",0.04953625663766238,0.4,0.5
4,100.25,"[32, 45, 46, 54]","['[G C1 -> G L1]', '[R R2 -> R C1]', '[B R1 -> B C2]', '[G L1 -> G R1]']",0.04953625663766238,0.4,0.5
4,100.25,"[32, 45, 46, 54]","['[G C1 -> G L1]', '[R R2 -> R C1]', '[B R1 -> B C2]', '[G L1 -> G R1]']",0.04953625663766238,0.4,0.5
4,100.25,"[32, 45, 46, 54]","['[G C1 -> G L1]', '[R R2 -> R C1]', '[B R1 -> B C2]', '[G L1 -> G R1]']",0.04953625663766238,0.4,0.5
4,100.25,"[32, 45, 46, 54]","['[G C1 -> G L1]', '[R R2 -> R C1]', '[B R1 -> B C2]', '[G L1 -> G R1]']",0.04953625663766238,0.4,0.5
6,1.25,"[32, 45, 46, 45, 46, 54]","['[G C1 -> G L1]', '[R R2 -> R C1]', '[B R1 -> B C2]', '[B C2 -> B R1]', '[B R1 -> B C2]', '[G L1 -> G R1]']",0.04953625663766238,0.4,0.5
4,100.25,"[32, 45, 46, 54]","['[G C1 -> G L1]', '[R R2 -> R C1]', '[B R1 -> B C2]', '[G L1 -> G R1]']",0.04953625663766238,0.4,0.5
4,100.25,"[32, 45, 46, 54]","['[G C1 -> G L1]', '[R R2 -> R C1]', '[B R1 -> B C2]', '[G L1 -> G R1]']",0.04953625663766238,0.4,0.5
4,100.25,"[32, 45, 46, 54]","['[G C1 -> G L1]', '[R R2 -> R C1]', '[B R1 -> B C2]', '[G L1 -> G R1]']",0.04953625663766238,0.4,0.5
4,100.25,"[32, 45, 46, 54]","['[G C1 -> G L1]', '[R R2 -> R C1]', '[B R1 -> B C2]', '[G L1 -> G R1]']",0.04953625663766238,0.4,0.5
4,100.25,"[32, 45, 46, 54]","['[G C1 -> G L1]', '[R R2 -> R C1]', '[B R1 -> B C2]', '[G L1 -> G R1]']",0.04953625663766238,0.4,0.5
4,100.25,"[32, 45, 46, 54]","['[G C1 -> G L1]', '[R R2 -> R C1]', '[B R1 -> B C2]', '[G L1 -> G R1]']",0.04953625663766238,0.4,0.5
4,100.25,"[32, 45, 46, 54]","['[G C1 -> G L1]', '[R R2 -> R C1]', '[B R1 -> B C2]', '[G L1 -> G R1]']",0.04953625663766238,0.4,0.5
4,100.25,"[32, 45, 46, 54]","['[G C1 -> G L1]', '[R R2 -> R C1]', '[B R1 -> B C2]', '[G L1 -> G R1]']",0.04953625663766238,0.4,0.5
4,100.25,"[32, 45, 46, 54]","['[G C1 -> G L1]', '[R R2 -> R C1]', '[B R1 -> B C2]', '[G L1 -> G R1]']",0.04953625663766238,0.4,0.5
4,100.25,"[32, 45, 46, 54]","['[G C1 -> G L1]', '[R R2 -> R C1]', '[B R1 -> B C2]', '[G L1 -> G R1]']",0.04953625663766238,0.4,0.5
4,100.25,"[32, 45, 46, 54]","['[G C1 -> G L1]', '[R R2 -> R C1]', '[B R1 -> B C2]', '[G L1 -> G R1]']",0.04953625663766238,0.4,0.5
4,100.25,"[32, 45, 46, 54]","['[G C1 -> G L1]', '[R R2 -> R C1]', '[B R1 -> B C2]', '[G L1 -> G R1]']",0.04953625663766238,0.4,0.5
6,1.25,"[32, 45, 46, 45, 46, 54]","['[G C1 -> G L1]', '[R R2 -> R C1]', '[B R1 -> B C2]', '[B C2 -> B R1]', '[B R1 -> B C2]', '[G L1 -> G R1]']",0.04953625663766238,0.4,0.5
4,100.25,"[32, 45, 46, 54]","['[G C1 -> G L1]', '[R R2 -> R C1]', '[B R1 -> B C2]', '[G L1 -> G R1]']",0.04953625663766238,0.4,0.5
4,100.25,"[32, 45, 46, 54]","['[G C1 -> G L1]', '[R R2 -> R C1]', '[B R1 -> B C2]', '[G L1 -> G R1]']",0.04953625663766238,0.4,0.5
4,100.25,"[32, 45, 46, 54]","['[G C1 -> G L1]', '[R R2 -> R C1]', '[B R1 -> B C2]', '[G L1 -> G R1]']",0.04953625663766238,0.4,0.5
4,100.25,"[32, 45, 46, 54]","['[G C1 -> G L1]', '[R R2 -> R C1]', '[B R1 -> B C2]', '[G L1 -> G R1]']",0.04953625663766238,0.4,0.5
4,100.25,"[32, 45, 46, 54]","['[G C1 -> G L1]', '[R R2 -> R C1]', '[B R1 -> B C2]', '[G L1 -> G R1]']",0.04953625663766238,0.4,0.5
4,100.25,"[32, 45, 46, 54]","['[G C1 -> G L1]', '[R R2 -> R C1]', '[B R1 -> B C2]', '[G L1 -> G R1]']",0.04953625663766238,0.4,0.5
4,100.25,"[32, 45, 46, 54]","['[G C1 -> G L1]', '[R R2 -> R C1]', '[B R1 -> B C2]', '[G L1 -> G R1]']",0.04953625663766238,0.4,0.5
4,100.25,"[32, 45, 46, 54]","['[G C1 -> G L1]', '[R R2 -> R C1]', '[B R1 -> B C2]', '[G L1 -> G R1]']",0.04953625663766238,0.4,0.5
4,100.25,"[32, 45, 46, 54]","['[G C1 -> G L1]', '[R R2 -> R C1]', '[B R1 -> B C2]', '[G L1 -> G R1]']",0.04953625663766238,0.4,0.5
4,100.25,"[32, 45, 46, 54]","['[G C1 -> G L1]', '[R R2 -> R C1]', '[B R1 -> B C2]', '[G L1 -> G R1]']",0.04953625663766238,0.4,0.5
4,100.25,"[32, 45, 46, 54]","['[G C1 -> G L1]', '[R R2 -> R C1]', '[B R1 -> B C2]', '[G L1 -> G R1]']",0.04953625663766238,0.4,0.5
6,1.0,"[32, 45, 32, 45, 46, 54]","['[G C1 -> G L1]', '[R R2 -> R C1]', '[R C1 -> R R2]', '[R R2 -> R C1]', '[B R1 -> B C2]', '[G L1 -> G R1]']",0.04953625663766238,0.4,0.5
6,1.25,"[32, 45, 46, 45, 46, 54]","['[G C1 -> G L1]', '[R R2 -> R C1]', '[B R1 -> B C2]', '[B C2 -> B R1]', '[B R1 -> B C2]', '[G L1 -> G R1]']",0.04953625663766238,0.4,0.5
4,100.25,"[32, 45, 46, 54]","['[G C1 -> G L1]', '[R R2 -> R C1]', '[B R1 -> B C2]', '[G L1 -> G R1]']",0.04953625663766238,0.4,0.5
6,1.25,"[32, 33, 32, 45, 46, 54]","['[G C1 -> G L1]', '[G L1 -> G C1]', '[G C1 -> G L1]', '[R R2 -> R C1]', '[B R1 -> B C2]', '[G L1 -> G R1]']",0.04953625663766238,0.4,0.5
4,100.25,"[32, 45, 46, 54]","['[G C1 -> G L1]', '[R R2 -> R C1]', '[B R1 -> B C2]', '[G L1 -> G R1]']",0.04953625663766238,0.4,0.5
6,1.25,"[32, 45, 43, 45, 46, 54]","['[G C1 -> G L1]', '[R R2 -> R C1]', '[G L1 -> G R2]', '[G R2 -> G L1]', '[B R1 -> B C2]', '[G L1 -> G R1]']",0.04953625663766238,0.4,0.5
4,100.25,"[32, 45, 46, 54]","['[G C1 -> G L1]', '[R R2 -> R C1]', '[B R1 -> B C2]', '[G L1 -> G R1]']",0.04953625663766238,0.4,0.5
4,100.25,"[32, 45, 46, 54]","['[G C1 -> G L1]', '[R R2 -> R C1]', '[B R1 -> B C2]', '[G L1 -> G R1]']",0.04953625663766238,0.4,0.5
6,1.25,"[32, 45, 44, 45, 46, 54]","['[G C1 -> G L1]', '[R R2 -> R C1]', '[G L1 -> G C2]', '[G C2 -> G L1]', '[B R1 -> B C2]', '[G L1 -> G R1]']",0.04953625663766238,0.4,0.5
4,100.25,"[32, 45, 46, 54]","['[G C1 -> G L1]', '[R R2 -> R C1]', '[B R1 -> B C2]', '[G L1 -> G R1]']",0.04953625663766238,0.4,0.5
4,100.25,"[32, 45, 46, 54]","['[G C1 -> G L1]', '[R R2 -> R C1]', '[B R1 -> B C2]', '[G L1 -> G R1]']",0.04953625663766238,0.4,0.5
4,100.25,"[32, 45, 46, 54]","['[G C1 -> G L1]', '[R R2 -> R C1]', '[B R1 -> B C2]', '[G L1 -> G R1]']",0.04953625663766238,0.4,0.5
4,100.25,"[32, 45, 46, 54]","['[G C1 -> G L1]', '[R R2 -> R C1]', '[B R1 -> B C2]', '[G L1 -> G R1]']",0.04953625663766238,0.4,0.5
4,100.25,"[32, 45, 46, 54]","['[G C1 -> G L1]', '[R R2 -> R C1]', '[B R1 -> B C2]', '[G L1 -> G R1]']",0.04953625663766238,0.4,0.5
4,100.25,"[32, 45, 46, 54]","['[G C1 -> G L1]', '[R R2 -> R C1]', '[B R1 -> B C2]', '[G L1 -> G R1]']",0.04953625663766238,0.4,0.5
4,100.25,"[32, 45, 46, 54]","['[G C1 -> G L1]', '[R R2 -> R C1]', '[B R1 -> B C2]', '[G L1 -> G R1]']",0.04953625663766238,0.4,0.5
4,100.25,"[32, 45, 46, 54]","['[G C1 -> G L1]', '[R R2 -> R C1]', '[B R1 -> B C2]', '[G L1 -> G R1]']",0.04953625663766238,0.4,0.5
4,100.25,"[32, 45, 46, 54]","['[G C1 -> G L1]', '[R R2 -> R C1]', '[B R1 -> B C2]', '[G L1 -> G R1]']",0.04953625663766238,0.4,0.5
4,100.25,"[32, 45, 46, 54]","['[G C1 -> G L1]', '[R R2 -> R C1]', '[B R1 -> B C2]', '[G L1 -> G R1]']",0.04953625663766238,0.4,0.5
4,100.25,"[32, 45, 46, 54]","['[G C1 -> G L1]', '[R R2 -> R C1]', '[B R1 -> B C2]', '[G L1 -> G R1]']",0.04953625663766238,0.4,0.5
4,100.25,"[32, 45, 46, 54]","['[G C1 -> G L1]', '[R R2 -> R C1]', '[B R1 -> B C2]', '[G L1 -> G R1]']",0.04953625663766238,0.4,0.5
4,100.25,"[32, 45, 46, 54]","['[G C1 -> G L1]', '[R R2 -> R C1]', '[B R1 -> B C2]', '[G L1 -> G R1]']",0.04953625663766238,0.4,0.5
4,100.25,"[32, 45, 46, 54]","['[G C1 -> G L1]', '[R R2 -> R C1]', '[B R1 -> B C2]', '[G L1 -> G R1]']",0.04953625663766238,0.4,0.5
4,100.25,"[32, 45, 46, 54]","['[G C1 -> G L1]', '[R R2 -> R C1]', '[B R1 -> B C2]', '[G L1 -> G R1]']",0.04953625663766238,0.4,0.5
4,100.25,"[32, 45, 46, 54]","['[G C1 -> G L1]', '[R R2 -> R C1]', '[B R1 -> B C2]', '[G L1 -> G R1]']",0.04953625663766238,0.4,0.5
4,100.25,"[32, 45, 46, 54]","['[G C1 -> G L1]', '[R R2 -> R C1]', '[B R1 -> B C2]', '[G L1 -> G R1]']",0.04953625663766238,0.4,0.5
4,100.25,"[32, 45, 46, 54]","['[G C1 -> G L1]', '[R R2 -> R C1]', '[B R1 -> B C2]', '[G L1 -> G R1]']",0.04953625663766238,0.4,0.5
4,100.25,"[32, 45, 46, 54]","['[G C1 -> G L1]', '[R R2 -> R C1]', '[B R1 -> B C2]', '[G L1 -> G R1]']",0.04953625663766238,0.4,0.5
4,100.25,"[32, 45, 46, 54]","['[G C1 -> G L1]', '[R R2 -> R C1]', '[B R1 -> B C2]', '[G L1 -> G R1]']",0.04953625663766238,0.4,0.5
4,100.25,"[32, 45, 46, 54]","['[G C1 -> G L1]', '[R R2 -> R C1]', '[B R1 -> B C2]', '[G L1 -> G R1]']",0.04953625663766238,0.4,0.5
4,100.25,"[32, 45, 46, 54]","['[G C1 -> G L1]', '[R R2 -> R C1]', '[B R1 -> B C2]', '[G L1 -> G R1]']",0.04953625663766238,0.4,0.5
4,100.25,"[32, 45, 46, 54]","['[G C1 -> G L1]', '[R R2 -> R C1]', '[B R1 -> B C2]', '[G L1 -> G R1]']",0.04953625663766238,0.4,0.5
4,100.25,"[32, 45, 46, 54]","['[G C1 -> G L1]', '[R R2 -> R C1]', '[B R1 -> B C2]', '[G L1 -> G R1]']",0.04953625663766238,0.4,0.5
4,100.25,"[32, 45, 46, 54]","['[G C1 -> G L1]', '[R R2 -> R C1]', '[B R1 -> B C2]', '[G L1 -> G R1]']",0.04953625663766238,0.4,0.5
4,100.25,"[32, 45, 46, 54]","['[G C1 -> G L1]', '[R R2 -> R C1]', '[B R1 -> B C2]', '[G L1 -> G R1]']",0.04953625663766238,0.4,0.5
4,100.25,"[32, 45, 46, 54]","['[G C1 -> G L1]', '[R R2 -> R C1]', '[B R1 -> B C2]', '[G L1 -> G R1]']",0.04953625663766238,0.4,0.5
4,100.25,"[32, 45, 46, 54]","['[G C1 -> G L1]', '[R R2 -> R C1]', '[B R1 -> B C2]', '[G L1 -> G R1]']",0.04953625663766238,0.4,0.5
4,100.25,"[32, 45, 46, 54]","['[G C1 -> G L1]', '[R R2 -> R C1]', '[B R1 -> B C2]', '[G L1 -> G R1]']",0.04953625663766238,0.4,0.5
4,100.25,"[32, 45, 46, 54]","['[G C1 -> G L1]', '[R R2 -> R C1]', '[B R1 -> B C2]', '[G L1 -> G R1]']",0.04953625663766238,0.4,0.5
4,100.25,"[32, 45, 46, 54]","['[G C1 -> G L1]', '[R R2 -> R C1]', '[B R1 -> B C2]', '[G L1 -> G R1]']",0.04953625663766238,0.4,0.5
4,100.25,"[32, 45, 46, 54]","['[G C1 -> G L1]', '[R R2 -> R C1]', '[B R1 -> B C2]', '[G L1 -> G R1]']",0.04953625663766238,0.4,0.5
4,100.25,"[32, 45, 46, 54]","['[G C1 -> G L1]', '[R R2 -> R C1]', '[B R1 -> B C2]', '[G L1 -> G R1]']",0.04953625663766238,0.4,0.5
4,100.25,"[32, 45, 46, 54]","['[G C1 -> G L1]', '[R R2 -> R C1]', '[B R1 -> B C2]', '[G L1 -> G R1]']",0.04953625663766238,0.4,0.5
4,100.25,"[32, 45, 46, 54]","['[G C1 -> G L1]', '[R R2 -> R C1]', '[B R1 -> B C2]', '[G L1 -> G R1]']",0.04953625663766238,0.4,0.5
4,100.25,"[32, 45, 46, 54]","['[G C1 -> G L1]', '[R R2 -> R C1]', '[B R1 -> B C2]', '[G L1 -> G R1]']",0.04953625663766238,0.4,0.5
4,100.25,"[32, 45, 46, 54]","['[G C1 -> G L1]', '[R R2 -> R C1]', '[B R1 -> B C2]', '[G L1 -> G R1]']",0.04953625663766238,0.4,0.5
4,100.25,"[32, 45, 46, 54]","['[G C1 -> G L1]', '[R R2 -> R C1]', '[B R1 -> B C2]', '[G L1 -> G R1]']",0.04953625663766238,0.4,0.5
4,100.25,"[32, 45, 46, 54]","['[G C1 -> G L1]', '[R R2 -> R C1]', '[B R1 -> B C2]', '[G L1 -> G R1]']",0.04953625663766238,0.4,0.5
6,1.25,"[32, 45, 46, 45, 46, 54]","['[G C1 -> G L1]', '[R R2 -> R C1]', '[B R1 -> B C2]', '[B C2 -> B R1]', '[B R1 -> B C2]', '[G L1 -> G R1]']",0.04953625663766238,0.4,0.5
4,100.25,"[32, 45, 46, 54]","['[G C1 -> G L1]', '[R R2 -> R C1]', '[B R1 -> B C2]', '[G L1 -> G R1]']",0.04953625663766238,0.4,0.5
4,100.25,"[32, 45, 46, 54]","['[G C1 -> G L1]', '[R R2 -> R C1]', '[B R1 -> B C2]', '[G L1 -> G R1]']",0.04953625663766238,0.4,0.5
4,100.25,"[32, 45, 46, 54]","['[G C1 -> G L1]', '[R R2 -> R C1]', '[B R1 -> B C2]', '[G L1 -> G R1]']",0.04953625663766238,0.4,0.5
4,100.25,"[32, 45, 46, 54]","['[G C1 -> G L1]', '[R R2 -> R C1]', '[B R1 -> B C2]', '[G L1 -> G R1]']",0.04953625663766238,0.4,0.5
4,100.25,"[32, 45, 46, 54]","['[G C1 -> G L1]', '[R R2 -> R C1]', '[B R1 -> B C2]', '[G L1 -> G R1]']",0.04953625663766238,0.4,0.5
4,100.25,"[32, 45, 46, 54]","['[G C1 -> G L1]', '[R R2 -> R C1]', '[B R1 -> B C2]', '[G L1 -> G R1]']",0.04953625663766238,0.4,0.5
6,1.25,"[32, 31, 32, 45, 46, 54]","['[G C1 -> G L1]', '[G L1 -> G R2]', '[G R2 -> G L1]', '[R R2 -> R C1]', '[B R1 -> B C2]', '[G L1 -> G R1]']",0.04953625663766238,0.4,0.5
4,100.25,"[32, 45, 46, 54]","['[G C1 -> G L1]', '[R R2 -> R C1]', '[B R1 -> B C2]', '[G L1 -> G R1]']",0.04953625663766238,0.4,0.5
4,100.25,"[32, 45, 46, 54]","['[G C1 -> G L1]', '[R R2 -> R C1]', '[B R1 -> B C2]', '[G L1 -> G R1]']",0.04953625663766238,0.4,0.5
8,1.25,"[32, 33, 32, 45, 43, 45, 46, 54]","['[G C1 -> G L1]', '[G L1 -> G C1]', '[G C1 -> G L1]', '[R R2 -> R C1]', '[G L1 -> G R2]', '[G R2 -> G L1]', '[B R1 -> B C2]', '[G L1 -> G R1]']",0.04953625663766238,0.4,0.5
4,100.25,"[32, 45, 46, 54]","['[G C1 -> G L1]', '[R R2 -> R C1]', '[B R1 -> B C2]', '[G L1 -> G R1]']",0.04953625663766238,0.4,0.5
4,100.25,"[32, 45, 46, 54]","['[G C1 -> G L1]', '[R R2 -> R C1]', '[B R1 -> B C2]', '[G L1 -> G R1]']",0.04953625663766238,0.4,0.5
4,100.25,"[32, 45, 46, 54]","['[G C1 -> G L1]', '[R R2 -> R C1]', '[B R1 -> B C2]', '[G L1 -> G R1]']",0.04953625663766238,0.4,0.5
4,100.25,"[32, 45, 46, 54]","['[G C1 -> G L1]', '[R R2 -> R C1]', '[B R1 -> B C2]', '[G L1 -> G R1]']",0.04953625663766238,0.4,0.5
4,100.25,"[32, 45, 46, 54]","['[G C1 -> G L1]', '[R R2 -> R C1]', '[B R1 -> B C2]', '[G L1 -> G R1]']",0.04953625663766238,0.4,0.5
6,1.25,"[34, 33, 32, 45, 46, 54]","['[R R2 -> R C2]', '[R C2 -> R R2]', '[G C1 -> G L1]', '[R R2 -> R C1]', '[B R1 -> B C2]', '[G L1 -> G R1]']",0.04953625663766238,0.4,0.5
4,100.25,"[32, 45, 46, 54]","['[G C1 -> G L1]', '[R R2 -> R C1]', '[B R1 -> B C2]', '[G L1 -> G R1]']",0.04953625663766238,0.4,0.5
4,100.25,"[32, 45, 46, 54]","['[G C1 -> G L1]', '[R R2 -> R C1]', '[B R1 -> B C2]', '[G L1 -> G R1]']",0.04953625663766238,0.4,0.5
4,100.25,"[32, 45, 46, 54]","['[G C1 -> G L1]', '[R R2 -> R C1]', '[B R1 -> B C2]', '[G L1 -> G R1]']",0.04953625663766238,0.4,0.5
4,100.25,"[32, 45, 46, 54]","['[G C1 -> G L1]', '[R R2 -> R C1]', '[B R1 -> B C2]', '[G L1 -> G R1]']",0.04953625663766238,0.4,0.5
4,100.25,"[32, 45, 46, 54]","['[G C1 -> G L1]', '[R R2 -> R C1]', '[B R1 -> B C2]', '[G L1 -> G R1]']",0.04953625663766238,0.4,0.5
4,100.25,"[32, 45, 46, 54]","['[G C1 -> G L1]', '[R R2 -> R C1]', '[B R1 -> B C2]', '[G L1 -> G R1]']",0.04953625663766238,0.4,0.5
4,100.25,"[32, 45, 46, 54]","['[G C1 -> G L1]', '[R R2 -> R C1]', '[B R1 -> B C2]', '[G L1 -> G R1]']",0.04953625663766238,0.4,0.5
4,100.25,"[32, 45, 46, 54]","['[G C1 -> G L1]', '[R R2 -> R C1]', '[B R1 -> B C2]', '[G L1 -> G R1]']",0.04953625663766238,0.4,0.5
4,100.25,"[32, 45, 46, 54]","['[G C1 -> G L1]', '[R R2 -> R C1]', '[B R1 -> B C2]', '[G L1 -> G R1]']",0.04953625663766238,0.4,0.5
4,100.25,"[32, 45, 46, 54]","['[G C1 -> G L1]', '[R R2 -> R C1]', '[B R1 -> B C2]', '[G L1 -> G R1]']",0.04953625663766238,0.4,0.5
4,100.25,"[32, 45, 46, 54]","['[G C1 -> G L1]', '[R R2 -> R C1]', '[B R1 -> B C2]', '[G L1 -> G R1]']",0.04953625663766238,0.4,0.5
4,100.25,"[32, 45, 46, 54]","['[G C1 -> G L1]', '[R R2 -> R C1]', '[B R1 -> B C2]', '[G L1 -> G R1]']",0.04953625663766238,0.4,0.5
6,1.25,"[32, 45, 44, 45, 46, 54]","['[G C1 -> G L1]', '[R R2 -> R C1]', '[G L1 -> G C2]', '[G C2 -> G L1]', '[B R1 -> B C2]', '[G L1 -> G R1]']",0.04953625663766238,0.4,0.5
4,100.25,"[32, 45, 46, 54]","['[G C1 -> G L1]', '[R R2 -> R C1]', '[B R1 -> B C2]', '[G L1 -> G R1]']",0.04953625663766238,0.4,0.5
4,100.25,"[32, 45, 46, 54]","['[G C1 -> G L1]', '[R R2 -> R C1]', '[B R1 -> B C2]', '[G L1 -> G R1]']",0.04953625663766238,0.4,0.5
4,100.25,"[32, 45, 46, 54]","['[G C1 -> G L1]', '[R R2 -> R C1]', '[B R1 -> B C2]', '[G L1 -> G R1]']",0.04953625663766238,0.4,0.5
4,100.25,"[32, 45, 46, 54]","['[G C1 -> G L1]', '[R R2 -> R C1]', '[B R1 -> B C2]', '[G L1 -> G R1]']",0.04953625663766238,0.4,0.5
4,100.25,"[32, 45, 46, 54]","['[G C1 -> G L1]', '[R R2 -> R C1]', '[B R1 -> B C2]', '[G L1 -> G R1]']",0.04953625663766238,0.4,0.5
4,100.25,"[32, 45, 46, 54]","['[G C1 -> G L1]', '[R R2 -> R C1]', '[B R1 -> B C2]', '[G L1 -> G R1]']",0.04953625663766238,0.4,0.5
4,100.25,"[32, 45, 46, 54]","['[G C1 -> G L1]', '[R R2 -> R C1]', '[B R1 -> B C2]', '[G L1 -> G R1]']",0.04953625663766238,0.4,0.5
4,100.25,"[32, 45, 46, 54]","['[G C1 -> G L1]', '[R R2 -> R C1]', '[B R1 -> B C2]', '[G L1 -> G R1]']",0.04953625663766238,0.4,0.5
4,100.25,"[32, 45, 46, 54]","['[G C1 -> G L1]', '[R R2 -> R C1]', '[B R1 -> B C2]', '[G L1 -> G R1]']",0.04953625663766238,0.4,0.5
4,100.25,"[32, 45, 46, 54]","['[G C1 -> G L1]', '[R R2 -> R C1]', '[B R1 -> B C2]', '[G L1 -> G R1]']",0.04953625663766238,0.4,0.5
4,100.25,"[32, 45, 46, 54]","['[G C1 -> G L1]', '[R R2 -> R C1]', '[B R1 -> B C2]', '[G L1 -> G R1]']",0.04953625663766238,0.4,0.5
4,100.25,"[32, 45, 46, 54]","['[G C1 -> G L1]', '[R R2 -> R C1]', '[B R1 -> B C2]', '[G L1 -> G R1]']",0.04953625663766238,0.4,0.5
4,100.25,"[32, 45, 46, 54]","['[G C1 -> G L1]', '[R R2 -> R C1]', '[B R1 -> B C2]', '[G L1 -> G R1]']",0.04953625663766238,0.4,0.5
4,100.25,"[32, 45, 46, 54]","['[G C1 -> G L1]', '[R R2 -> R C1]', '[B R1 -> B C2]', '[G L1 -> G R1]']",0.04953625663766238,0.4,0.5
4,100.25,"[32, 45, 46, 54]","['[G C1 -> G L1]', '[R R2 -> R C1]', '[B R1 -> B C2]', '[G L1 -> G R1]']",0.04953625663766238,0.4,0.5
6,1.25,"[32, 33, 32, 45, 46, 54]","['[G C1 -> G L1]', '[G L1 -> G C1]', '[G C1 -> G L1]', '[R R2 -> R C1]', '[B R1 -> B C2]', '[G L1 -> G R1]']",0.04953625663766238,0.4,0.5
4,100.25,"[32, 45, 46, 54]","['[G C1 -> G L1]', '[R R2 -> R C1]', '[B R1 -> B C2]', '[G L1 -> G R1]']",0.04953625663766238,0.4,0.5
4,100.25,"[32, 45, 46, 54]","['[G C1 -> G L1]', '[R R2 -> R C1]', '[B R1 -> B C2]', '[G L1 -> G R1]']",0.04953625663766238,0.4,0.5
4,100.25,"[32, 45, 46, 54]","['[G C1 -> G L1]', '[R R2 -> R C1]', '[B R1 -> B C2]', '[G L1 -> G R1]']",0.04953625663766238,0.4,0.5
4,100.25,"[32, 45, 46, 54]","['[G C1 -> G L1]', '[R R2 -> R C1]', '[B R1 -> B C2]', '[G L1 -> G R1]']",0.04953625663766238,0.4,0.5
4,100.25,"[32, 45, 46, 54]","['[G C1 -> G L1]', '[R R2 -> R C1]', '[B R1 -> B C2]', '[G L1 -> G R1]']",0.04953625663766238,0.4,0.5
4,100.25,"[32, 45, 46, 54]","['[G C1 -> G L1]', '[R R2 -> R C1]', '[B R1 -> B C2]', '[G L1 -> G R1]']",0.04953625663766238,0.4,0.5
4,100.25,"[32, 45, 46, 54]","['[G C1 -> G L1]', '[R R2 -> R C1]', '[B R1 -> B C2]', '[G L1 -> G R1]']",0.04953625663766238,0.4,0.5
4,100.25,"[32, 45, 46, 54]","['[G C1 -> G L1]', '[R R2 -> R C1]', '[B R1 -> B C2]', '[G L1 -> G R1]']",0.04953625663766238,0.4,0.5
4,100.25,"[32, 45, 46, 54]","['[G C1 -> G L1]', '[R R2 -> R C1]', '[B R1 -> B C2]', '[G L1 -> G R1]']",0.04953625663766238,0.4,0.5
4,100.25,"[32, 45, 46, 54]","['[G C1 -> G L1]', '[R R2 -> R C1]', '[B R1 -> B C2]', '[G L1 -> G R1]']",0.04953625663766238,0.4,0.5
4,100.25,"[32, 45, 46, 54]","['[G C1 -> G L1]', '[R R2 -> R C1]', '[B R1 -> B C2]', '[G L1 -> G R1]']",0.04953625663766238,0.4,0.5
4,100.25,"[32, 45, 46, 54]","['[G C1 -> G L1]', '[R R2 -> R C1]', '[B R1 -> B C2]', '[G L1 -> G R1]']",0.04953625663766238,0.4,0.5
4,100.25,"[32, 45, 46, 54]","['[G C1 -> G L1]', '[R R2 -> R C1]', '[B R1 -> B C2]', '[G L1 -> G R1]']",0.04953625663766238,0.4,0.5
4,100.25,"[32, 45, 46, 54]","['[G C1 -> G L1]', '[R R2 -> R C1]', '[B R1 -> B C2]', '[G L1 -> G R1]']",0.04953625663766238,0.4,0.5
4,100.25,"[32, 45, 46, 54]","['[G C1 -> G L1]', '[R R2 -> R C1]', '[B R1 -> B C2]', '[G L1 -> G R1]']",0.04953625663766238,0.4,0.5
4,100.25,"[32, 45, 46, 54]","['[G C1 -> G L1]', '[R R2 -> R C1]', '[B R1 -> B C2]', '[G L1 -> G R1]']",0.04953625663766238,0.4,0.5
4,100.25,"[32, 45, 46, 54]","['[G C1 -> G L1]', '[R R2 -> R C1]', '[B R1 -> B C2]', '[G L1 -> G R1]']",0.04953625663766238,0.4,0.5
4,100.25,"[32, 45, 46, 54]","['[G C1 -> G L1]', '[R R2 -> R C1]', '[B R1 -> B C2]', '[G L1 -> G R1]']",0.04953625663766238,0.4,0.5
4,100.25,"[32, 45, 46, 54]","['[G C1 -> G L1]', '[R R2 -> R C1]', '[B R1 -> B C2]', '[G L1 -> G R1]']",0.04953625663766238,0.4,0.5
4,100.25,"[32, 45, 46, 54]","['[G C1 -> G L1]', '[R R2 -> R C1]', '[B R1 -> B C2]', '[G L1 -> G R1]']",0.04953625663766238,0.4,0.5
4,100.25,"[32, 45, 46, 54]","['[G C1 -> G L1]', '[R R2 -> R C1]', '[B R1 -> B C2]', '[G L1 -> G R1]']",0.04953625663766238,0.4,0.5
4,100.25,"[32, 45, 46, 54]","['[G C1 -> G L1]', '[R R2 -> R C1]', '[B R1 -> B C2]', '[G L1 -> G R1]']",0.04953625663766238,0.4,0.5
4,100.25,"[32, 45, 46, 54]","['[G C1 -> G L1]', '[R R2 -> R C1]', '[B R1 -> B C2]', '[G L1 -> G R1]']",0.04953625663766238,0.4,0.5
4,100.25,"[32, 45, 46, 54]","['[G C1 -> G L1]', '[R R2 -> R C1]', '[B R1 -> B C2]', '[G L1 -> G R1]']",0.04953625663766238,0.4,0.5
6,1.25,"[32, 33, 32, 45, 46, 54]","['[G C1 -> G L1]', '[G L1 -> G C1]', '[G C1 -> G L1]', '[R R2 -> R C1]', '[B R1 -> B C2]', '[G L1 -> G R1]']",0.04953625663766238,0.4,0.5
4,100.25,"[32, 45, 46, 54]","['[G C1 -> G L1]', '[R R2 -> R C1]', '[B R1 -> B C2]', '[G L1 -> G R1]']",0.04953625663766238,0.4,0.5
4,100.25,"[32, 45, 46, 54]","['[G C1 -> G L1]', '[R R2 -> R C1]', '[B R1 -> B C2]', '[G L1 -> G R1]']",0.04953625663766238,0.4,0.5
8,1.0,"[35, 33, 32, 45, 32, 45, 46, 54]","['[R R2 -> R L1]', '[R L1 -> R R2]', '[G C1 -> G L1]', '[R R2 -> R C1]', '[R C1 -> R R2]', '[R R2 -> R C1]', '[B R1 -> B C2]', '[G L1 -> G R1]']",0.04953625663766238,0.4,0.5
4,100.25,"[32, 45, 46, 54]","['[G C1 -> G L1]', '[R R2 -> R C1]', '[B R1 -> B C2]', '[G L1 -> G R1]']",0.04953625663766238,0.4,0.5
4,100.25,"[32, 45, 46, 54]","['[G C1 -> G L1]', '[R R2 -> R C1]', '[B R1 -> B C2]', '[G L1 -> G R1]']",0.04953625663766238,0.4,0.5
4,100.25,"[32, 45, 46, 54]","['[G C1 -> G L1]', '[R R2 -> R C1]', '[B R1 -> B C2]', '[G L1 -> G R1]']",0.04953625663766238,0.4,0.5
4,100.25,"[32, 45, 46, 54]","['[G C1 -> G L1]', '[R R2 -> R C1]', '[B R1 -> B C2]', '[G L1 -> G R1]']",0.04953625663766238,0.4,0.5
4,100.25,"[32, 45, 46, 54]","['[G C1 -> G L1]', '[R R2 -> R C1]', '[B R1 -> B C2]', '[G L1 -> G R1]']",0.04953625663766238,0.4,0.5
4,100.25,"[32, 45, 46, 54]","['[G C1 -> G L1]', '[R R2 -> R C1]', '[B R1 -> B C2]', '[G L1 -> G R1]']",0.04953625663766238,0.4,0.5
4,100.25,"[32, 45, 46, 54]","['[G C1 -> G L1]', '[R R2 -> R C1]', '[B R1 -> B C2]', '[G L1 -> G R1]']",0.04953625663766238,0.4,0.5
4,100.25,"[32, 45, 46, 54]","['[G C1 -> G L1]', '[R R2 -> R C1]', '[B R1 -> B C2]', '[G L1 -> G R1]']",0.04953625663766238,0.4,0.5
4,100.25,"[32, 45, 46, 54]","['[G C1 -> G L1]', '[R R2 -> R C1]', '[B R1 -> B C2]', '[G L1 -> G R1]']",0.04953625663766238,0.4,0.5
4,100.25,"[32, 45, 46, 54]","['[G C1 -> G L1]', '[R R2 -> R C1]', '[B R1 -> B C2]', '[G L1 -> G R1]']",0.04953625663766238,0.4,0.5
4,100.25,"[32, 45, 46, 54]","['[G C1 -> G L1]', '[R R2 -> R C1]', '[B R1 -> B C2]', '[G L1 -> G R1]']",0.04953625663766238,0.4,0.5
4,100.25,"[32, 45, 46, 54]","['[G C1 -> G L1]', '[R R2 -> R C1]', '[B R1 -> B C2]', '[G L1 -> G R1]']",0.04953625663766238,0.4,0.5
4,100.25,"[32, 45, 46, 54]","['[G C1 -> G L1]', '[R R2 -> R C1]', '[B R1 -> B C2]', '[G L1 -> G R1]']",0.04953625663766238,0.4,0.5
4,100.25,"[32, 45, 46, 54]","['[G C1 -> G L1]', '[R R2 -> R C1]', '[B R1 -> B C2]', '[G L1 -> G R1]']",0.04953625663766238,0.4,0.5
4,100.25,"[32, 45, 46, 54]","['[G C1 -> G L1]', '[R R2 -> R C1]', '[B R1 -> B C2]', '[G L1 -> G R1]']",0.04953625663766238,0.4,0.5
4,100.25,"[32, 45, 46, 54]","['[G C1 -> G L1]', '[R R2 -> R C1]', '[B R1 -> B C2]', '[G L1 -> G R1]']",0.04953625663766238,0.4,0.5
4,100.25,"[32, 45, 46, 54]","['[G C1 -> G L1]', '[R R2 -> R C1]', '[B R1 -> B C2]', '[G L1 -> G R1]']",0.04953625663766238,0.4,0.5
4,100.25,"[32, 45, 46, 54]","['[G C1 -> G L1]', '[R R2 -> R C1]', '[B R1 -> B C2]', '[G L1 -> G R1]']",0.04953625663766238,0.4,0.5
4,100.25,"[32, 45, 46, 54]","['[G C1 -> G L1]', '[R R2 -> R C1]', '[B R1 -> B C2]', '[G L1 -> G R1]']",0.04953625663766238,0.4,0.5
4,100.25,"[32, 45, 46, 54]","['[G C1 -> G L1]', '[R R2 -> R C1]', '[B R1 -> B C2]', '[G L1 -> G R1]']",0.04953625663766238,0.4,0.5
4,100.25,"[32, 45, 46, 54]","['[G C1 -> G L1]', '[R R2 -> R C1]', '[B R1 -> B C2]', '[G L1 -> G R1]']",0.04953625663766238,0.4,0.5
4,100.25,"[32, 45, 46, 54]","['[G C1 -> G L1]', '[R R2 -> R C1]', '[B R1 -> B C2]', '[G L1 -> G R1]']",0.04953625663766238,0.4,0.5
4,100.25,"[32, 45, 46, 54]","['[G C1 -> G L1]', '[R R2 -> R C1]', '[B R1 -> B C2]', '[G L1 -> G R1]']",0.04953625663766238,0.4,0.5
4,100.25,"[32, 45, 46, 54]","['[G C1 -> G L1]', '[R R2 -> R C1]', '[B R1 -> B C2]', '[G L1 -> G R1]']",0.04953625663766238,0.4,0.5
4,100.25,"[32, 45, 46, 54]","['[G C1 -> G L1]', '[R R2 -> R C1]', '[B R1 -> B C2]', '[G L1 -> G R1]']",0.04953625663766238,0.4,0.5
4,100.25,"[32, 45, 46, 54]","['[G C1 -> G L1]', '[R R2 -> R C1]', '[B R1 -> B C2]', '[G L1 -> G R1]']",0.04953625663766238,0.4,0.5
6,1.25,"[32, 33, 32, 45, 46, 54]","['[G C1 -> G L1]', '[G L1 -> G C1]', '[G C1 -> G L1]', '[R R2 -> R C1]', '[B R1 -> B C2]', '[G L1 -> G R1]']",0.04953625663766238,0.4,0.5
4,100.25,"[32, 45, 46, 54]","['[G C1 -> G L1]', '[R R2 -> R C1]', '[B R1 -> B C2]', '[G L1 -> G R1]']",0.04953625663766238,0.4,0.5
4,100.25,"[32, 45, 46, 54]","['[G C1 -> G L1]', '[R R2 -> R C1]', '[B R1 -> B C2]', '[G L1 -> G R1]']",0.04953625663766238,0.4,0.5
4,100.25,"[32, 45, 46, 54]","['[G C1 -> G L1]', '[R R2 -> R C1]', '[B R1 -> B C2]', '[G L1 -> G R1]']",0.04953625663766238,0.4,0.5
4,100.25,"[32, 45, 46, 54]","['[G C1 -> G L1]', '[R R2 -> R C1]', '[B R1 -> B C2]', '[G L1 -> G R1]']",0.04953625663766238,0.4,0.5
4,100.25,"[32, 45, 46, 54]","['[G C1 -> G L1]', '[R R2 -> R C1]', '[B R1 -> B C2]', '[G L1 -> G R1]']",0.04953625663766238,0.4,0.5
4,100.25,"[32, 45, 46, 54]","['[G C1 -> G L1]', '[R R2 -> R C1]', '[B R1 -> B C2]', '[G L1 -> G R1]']",0.04953625663766238,0.4,0.5
4,100.25,"[32, 45, 46, 54]","['[G C1 -> G L1]', '[R R2 -> R C1]', '[B R1 -> B C2]', '[G L1 -> G R1]']",0.04953625663766238,0.4,0.5
4,100.25,"[32, 45, 46, 54]","['[G C1 -> G L1]', '[R R2 -> R C1]', '[B R1 -> B C2]', '[G L1 -> G R1]']",0.04953625663766238,0.4,0.5
4,100.25,"[32, 45, 46, 54]","['[G C1 -> G L1]', '[R R2 -> R C1]', '[B R1 -> B C2]', '[G L1 -> G R1]']",0.04953625663766238,0.4,0.5
4,100.25,"[32, 45, 46, 54]","['[G C1 -> G L1]', '[R R2 -> R C1]', '[B R1 -> B C2]', '[G L1 -> G R1]']",0.04953625663766238,0.4,0.5
4,100.25,"[32, 45, 46, 54]","['[G C1 -> G L1]', '[R R2 -> R C1]', '[B R1 -> B C2]', '[G L1 -> G R1]']",0.04953625663766238,0.4,0.5
4,100.25,"[32, 45, 46, 54]","['[G C1 -> G L1]', '[R R2 -> R C1]', '[B R1 -> B C2]', '[G L1 -> G R1]']",0.04953625663766238,0.4,0.5
4,100.25,"[32, 45, 46, 54]","['[G C1 -> G L1]', '[R R2 -> R C1]', '[B R1 -> B C2]', '[G L1 -> G R1]']",0.04953625663766238,0.4,0.5
4,100.25,"[32, 45, 46, 54]","['[G C1 -> G L1]', '[R R2 -> R C1]', '[B R1 -> B C2]', '[G L1 -> G R1]']",0.04953625663766238,0.4,0.5
8,1.0,"[32, 45, 43, 42, 43, 45, 46, 54]","['[G C1 -> G L1]', '[R R2 -> R C1]', '[G L1 -> G R2]', '[R C1 -> R L1]', '[R L1 -> R C1]', '[G R2 -> G L1]', '[B R1 -> B C2]', '[G L1 -> G R1]']",0.04953625663766238,0.4,0.5
4,100.25,"[32, 45, 46, 54]","['[G C1 -> G L1]', '[R R2 -> R C1]', '[B R1 -> B C2]', '[G L1 -> G R1]']",0.04953625663766238,0.4,0.5
4,100.25,"[32, 45, 46, 54]","['[G C1 -> G L1]', '[R R2 -> R C1]', '[B R1 -> B C2]', '[G L1 -> G R1]']",0.04953625663766238,0.4,0.5
4,100.25,"[32, 45, 46, 54]","['[G C1 -> G L1]', '[R R2 -> R C1]', '[B R1 -> B C2]', '[G L1 -> G R1]']",0.04953625663766238,0.4,0.5
4,100.25,"[32, 45, 46, 54]","['[G C1 -> G L1]', '[R R2 -> R C1]', '[B R1 -> B C2]', '[G L1 -> G R1]']",0.04953625663766238,0.4,0.5
4,100.25,"[32, 45, 46, 54]","['[G C1 -> G L1]', '[R R2 -> R C1]', '[B R1 -> B C2]', '[G L1 -> G R1]']",0.04953625663766238,0.4,0.5
4,100.25,"[32, 45, 46, 54]","['[G C1 -> G L1]', '[R R2 -> R C1]', '[B R1 -> B C2]', '[G L1 -> G R1]']",0.04953625663766238,0.4,0.5
4,100.25,"[32, 45, 46, 54]","['[G C1 -> G L1]', '[R R2 -> R C1]', '[B R1 -> B C2]', '[G L1 -> G R1]']",0.04953625663766238,0.4,0.5
4,100.25,"[32, 45, 46, 54]","['[G C1 -> G L1]', '[R R2 -> R C1]', '[B R1 -> B C2]', '[G L1 -> G R1]']",0.04953625663766238,0.4,0.5
4,100.25,"[32, 45, 46, 54]","['[G C1 -> G L1]', '[R R2 -> R C1]', '[B R1 -> B C2]', '[G L1 -> G R1]']",0.04953625663766238,0.4,0.5
4,100.25,"[32, 45, 46, 54]","['[G C1 -> G L1]', '[R R2 -> R C1]', '[B R1 -> B C2]', '[G L1 -> G R1]']",0.04953625663766238,0.4,0.5
4,100.25,"[32, 45, 46, 54]","['[G C1 -> G L1]', '[R R2 -> R C1]', '[B R1 -> B C2]', '[G L1 -> G R1]']",0.04953625663766238,0.4,0.5
4,100.25,"[32, 45, 46, 54]","['[G C1 -> G L1]', '[R R2 -> R C1]', '[B R1 -> B C2]', '[G L1 -> G R1]']",0.04953625663766238,0.4,0.5
4,100.25,"[32, 45, 46, 54]","['[G C1 -> G L1]', '[R R2 -> R C1]', '[B R1 -> B C2]', '[G L1 -> G R1]']",0.04953625663766238,0.4,0.5
4,100.25,"[32, 45, 46, 54]","['[G C1 -> G L1]', '[R R2 -> R C1]', '[B R1 -> B C2]', '[G L1 -> G R1]']",0.04953625663766238,0.4,0.5
4,100.25,"[32, 45, 46, 54]","['[G C1 -> G L1]', '[R R2 -> R C1]', '[B R1 -> B C2]', '[G L1 -> G R1]']",0.04953625663766238,0.4,0.5
4,100.25,"[32, 45, 46, 54]","['[G C1 -> G L1]', '[R R2 -> R C1]', '[B R1 -> B C2]', '[G L1 -> G R1]']",0.04953625663766238,0.4,0.5
6,1.25,"[32, 33, 32, 45, 46, 54]","['[G C1 -> G L1]', '[G L1 -> G C1]', '[G C1 -> G L1]', '[R R2 -> R C1]', '[B R1 -> B C2]', '[G L1 -> G R1]']",0.04953625663766238,0.4,0.5
4,100.25,"[32, 45, 46, 54]","['[G C1 -> G L1]', '[R R2 -> R C1]', '[B R1 -> B C2]', '[G L1 -> G R1]']",0.04953625663766238,0.4,0.5
4,100.25,"[32, 45, 46, 54]","['[G C1 -> G L1]', '[R R2 -> R C1]', '[B R1 -> B C2]', '[G L1 -> G R1]']",0.04953625663766238,0.4,0.5
4,100.25,"[32, 45, 46, 54]","['[G C1 -> G L1]', '[R R2 -> R C1]', '[B R1 -> B C2]', '[G L1 -> G R1]']",0.04953625663766238,0.4,0.5
4,100.25,"[32, 45, 46, 54]","['[G C1 -> G L1]', '[R R2 -> R C1]', '[B R1 -> B C2]', '[G L1 -> G R1]']",0.04953625663766238,0.4,0.5
4,100.25,"[32, 45, 46, 54]","['[G C1 -> G L1]', '[R R2 -> R C1]', '[B R1 -> B C2]', '[G L1 -> G R1]']",0.04953625663766238,0.4,0.5
4,100.25,"[32, 45, 46, 54]","['[G C1 -> G L1]', '[R R2 -> R C1]', '[B R1 -> B C2]', '[G L1 -> G R1]']",0.04953625663766238,0.4,0.5
4,100.25,"[32, 45, 46, 54]","['[G C1 -> G L1]', '[R R2 -> R C1]', '[B R1 -> B C2]', '[G L1 -> G R1]']",0.04953625663766238,0.4,0.5
6,1.25,"[34, 33, 32, 45, 46, 54]","['[R R2 -> R C2]', '[R C2 -> R R2]', '[G C1 -> G L1]', '[R R2 -> R C1]', '[B R1 -> B C2]', '[G L1 -> G R1]']",0.04953625663766238,0.4,0.5
4,100.25,"[32, 45, 46, 54]","['[G C1 -> G L1]', '[R R2 -> R C1]', '[B R1 -> B C2]', '[G L1 -> G R1]']",0.04953625663766238,0.4,0.5
6,1.25,"[32, 31, 32, 45, 46, 54]","['[G C1 -> G L1]', '[G L1 -> G R2]', '[G R2 -> G L1]', '[R R2 -> R C1]', '[B R1 -> B C2]', '[G L1 -> G R1]']",0.04953625663766238,0.4,0.5
4,100.25,"[32, 45, 46, 54]","['[G C1 -> G L1]', '[R R2 -> R C1]', '[B R1 -> B C2]', '[G L1 -> G R1]']",0.04953625663766238,0.4,0.5
4,100.25,"[32, 45, 46, 54]","['[G C1 -> G L1]', '[R R2 -> R C1]', '[B R1 -> B C2]', '[G L1 -> G R1]']",0.04953625663766238,0.4,0.5
4,100.25,"[32, 45, 46, 54]","['[G C1 -> G L1]', '[R R2 -> R C1]', '[B R1 -> B C2]', '[G L1 -> G R1]']",0.04953625663766238,0.4,0.5
4,100.25,"[32, 45, 46, 54]","['[G C1 -> G L1]', '[R R2 -> R C1]', '[B R1 -> B C2]', '[G L1 -> G R1]']",0.04953625663766238,0.4,0.5
4,100.25,"[32, 45, 46, 54]","['[G C1 -> G L1]', '[R R2 -> R C1]', '[B R1 -> B C2]', '[G L1 -> G R1]']",0.04953625663766238,0.4,0.5
4,100.25,"[32, 45, 46, 54]","['[G C1 -> G L1]', '[R R2 -> R C1]', '[B R1 -> B C2]', '[G L1 -> G R1]']",0.04953625663766238,0.4,0.5
4,100.25,"[32, 45, 46, 54]","['[G C1 -> G L1]', '[R R2 -> R C1]', '[B R1 -> B C2]', '[G L1 -> G R1]']",0.04953625663766238,0.4,0.5
4,100.25,"[32, 45, 46, 54]","['[G C1 -> G L1]', '[R R2 -> R C1]', '[B R1 -> B C2]', '[G L1 -> G R1]']",0.04953625663766238,0.4,0.5
4,100.25,"[32, 45, 46, 54]","['[G C1 -> G L1]', '[R R2 -> R C1]', '[B R1 -> B C2]', '[G L1 -> G R1]']",0.04953625663766238,0.4,0.5
4,100.25,"[32, 45, 46, 54]","['[G C1 -> G L1]', '[R R2 -> R C1]', '[B R1 -> B C2]', '[G L1 -> G R1]']",0.04953625663766238,0.4,0.5
4,100.25,"[32, 45, 46, 54]","['[G C1 -> G L1]', '[R R2 -> R C1]', '[B R1 -> B C2]', '[G L1 -> G R1]']",0.04953625663766238,0.4,0.5
8,1.25,"[32, 31, 32, 45, 43, 45, 46, 54]","['[G C1 -> G L1]', '[G L1 -> G R2]', '[G R2 -> G L1]', '[R R2 -> R C1]', '[G L1 -> G R2]', '[G R2 -> G L1]', '[B R1 -> B C2]', '[G L1 -> G R1]']",0.04953625663766238,0.4,0.5
4,100.25,"[32, 45, 46, 54]","['[G C1 -> G L1]', '[R R2 -> R C1]', '[B R1 -> B C2]', '[G L1 -> G R1]']",0.04953625663766238,0.4,0.5
4,100.25,"[32, 45, 46, 54]","['[G C1 -> G L1]', '[R R2 -> R C1]', '[B R1 -> B C2]', '[G L1 -> G R1]']",0.04953625663766238,0.4,0.5
4,100.25,"[32, 45, 46, 54]","['[G C1 -> G L1]', '[R R2 -> R C1]', '[B R1 -> B C2]', '[G L1 -> G R1]']",0.04953625663766238,0.4,0.5
4,100.25,"[32, 45, 46, 54]","['[G C1 -> G L1]', '[R R2 -> R C1]', '[B R1 -> B C2]', '[G L1 -> G R1]']",0.04953625663766238,0.4,0.5
4,100.25,"[32, 45, 46, 54]","['[G C1 -> G L1]', '[R R2 -> R C1]', '[B R1 -> B C2]', '[G L1 -> G R1]']",0.04953625663766238,0.4,0.5
6,1.25,"[34, 33, 32, 45, 46, 54]","['[R R2 -> R C2]', '[R C2 -> R R2]', '[G C1 -> G L1]', '[R R2 -> R C1]', '[B R1 -> B C2]', '[G L1 -> G R1]']",0.04953625663766238,0.4,0.5
4,100.25,"[32, 45, 46, 54]","['[G C1 -> G L1]', '[R R2 -> R C1]', '[B R1 -> B C2]', '[G L1 -> G R1]']",0.04953625663766238,0.4,0.5
4,100.25,"[32, 45, 46, 54]","['[G C1 -> G L1]', '[R R2 -> R C1]', '[B R1 -> B C2]', '[G L1 -> G R1]']",0.04953625663766238,0.4,0.5
4,100.25,"[32, 45, 46, 54]","['[G C1 -> G L1]', '[R R2 -> R C1]', '[B R1 -> B C2]', '[G L1 -> G R1]']",0.04953625663766238,0.4,0.5
4,100.25,"[32, 45, 46, 54]","['[G C1 -> G L1]', '[R R2 -> R C1]', '[B R1 -> B C2]', '[G L1 -> G R1]']",0.04953625663766238,0.4,0.5
4,100.25,"[32, 45, 46, 54]","['[G C1 -> G L1]', '[R R2 -> R C1]', '[B R1 -> B C2]', '[G L1 -> G R1]']",0.04953625663766238,0.4,0.5
4,100.25,"[32, 45, 46, 54]","['[G C1 -> G L1]', '[R R2 -> R C1]', '[B R1 -> B C2]', '[G L1 -> G R1]']",0.04953625663766238,0.4,0.5
4,100.25,"[32, 45, 46, 54]","['[G C1 -> G L1]', '[R R2 -> R C1]', '[B R1 -> B C2]', '[G L1 -> G R1]']",0.04953625663766238,0.4,0.5
6,1.25,"[32, 45, 43, 45, 46, 54]","['[G C1 -> G L1]', '[R R2 -> R C1]', '[G L1 -> G R2]', '[G R2 -> G L1]', '[B R1 -> B C2]', '[G L1 -> G R1]']",0.04953625663766238,0.4,0.5
4,100.25,"[32, 45, 46, 54]","['[G C1 -> G L1]', '[R R2 -> R C1]', '[B R1 -> B C2]', '[G L1 -> G R1]']",0.04953625663766238,0.4,0.5
4,100.25,"[32, 45, 46, 54]","['[G C1 -> G L1]', '[R R2 -> R C1]', '[B R1 -> B C2]', '[G L1 -> G R1]']",0.04953625663766238,0.4,0.5
4,100.25,"[32, 45, 46, 54]","['[G C1 -> G L1]', '[R R2 -> R C1]', '[B R1 -> B C2]', '[G L1 -> G R1]']",0.04953625663766238,0.4,0.5
8,1.25,"[32, 31, 32, 45, 44, 45, 46, 54]","['[G C1 -> G L1]', '[G L1 -> G R2]', '[G R2 -> G L1]', '[R R2 -> R C1]', '[G L1 -> G C2]', '[G C2 -> G L1]', '[B R1 -> B C2]', '[G L1 -> G R1]']",0.04953625663766238,0.4,0.5
4,100.25,"[32, 45, 46, 54]","['[G C1 -> G L1]', '[R R2 -> R C1]', '[B R1 -> B C2]', '[G L1 -> G R1]']",0.04953625663766238,0.4,0.5
4,100.25,"[32, 45, 46, 54]","['[G C1 -> G L1]', '[R R2 -> R C1]', '[B R1 -> B C2]', '[G L1 -> G R1]']",0.04953625663766238,0.4,0.5
4,100.25,"[32, 45, 46, 54]","['[G C1 -> G L1]', '[R R2 -> R C1]', '[B R1 -> B C2]', '[G L1 -> G R1]']",0.04953625663766238,0.4,0.5
4,100.25,"[32, 45, 46, 54]","['[G C1 -> G L1]', '[R R2 -> R C1]', '[B R1 -> B C2]', '[G L1 -> G R1]']",0.04953625663766238,0.4,0.5
4,100.25,"[32, 45, 46, 54]","['[G C1 -> G L1]', '[R R2 -> R C1]', '[B R1 -> B C2]', '[G L1 -> G R1]']",0.04953625663766238,0.4,0.5
4,100.25,"[32, 45, 46, 54]","['[G C1 -> G L1]', '[R R2 -> R C1]', '[B R1 -> B C2]', '[G L1 -> G R1]']",0.04953625663766238,0.4,0.5
4,100.25,"[32, 45, 46, 54]","['[G C1 -> G L1]', '[R R2 -> R C1]', '[B R1 -> B C2]', '[G L1 -> G R1]']",0.04953625663766238,0.4,0.5
4,100.25,"[32, 45, 46, 54]","['[G C1 -> G L1]', '[R R2 -> R C1]', '[B R1 -> B C2]', '[G L1 -> G R1]']",0.04953625663766238,0.4,0.5
6,1.25,"[32, 45, 44, 45, 46, 54]","['[G C1 -> G L1]', '[R R2 -> R C1]', '[G L1 -> G C2]', '[G C2 -> G L1]', '[B R1 -> B C2]', '[G L1 -> G R1]']",0.04953625663766238,0.4,0.5
4,100.25,"[32, 45, 46, 54]","['[G C1 -> G L1]', '[R R2 -> R C1]', '[B R1 -> B C2]', '[G L1 -> G R1]']",0.04953625663766238,0.4,0.5
4,100.25,"[32, 45, 46, 54]","['[G C1 -> G L1]', '[R R2 -> R C1]', '[B R1 -> B C2]', '[G L1 -> G R1]']",0.04953625663766238,0.4,0.5
4,100.25,"[32, 45, 46, 54]","['[G C1 -> G L1]', '[R R2 -> R C1]', '[B R1 -> B C2]', '[G L1 -> G R1]']",0.04953625663766238,0.4,0.5
4,100.25,"[32, 45, 46, 54]","['[G C1 -> G L1]', '[R R2 -> R C1]', '[B R1 -> B C2]', '[G L1 -> G R1]']",0.04953625663766238,0.4,0.5
4,100.25,"[32, 45, 46, 54]","['[G C1 -> G L1]', '[R R2 -> R C1]', '[B R1 -> B C2]', '[G L1 -> G R1]']",0.04953625663766238,0.4,0.5
4,100.25,"[32, 45, 46, 54]","['[G C1 -> G L1]', '[R R2 -> R C1]', '[B R1 -> B C2]', '[G L1 -> G R1]']",0.04953625663766238,0.4,0.5
6,1.25,"[32, 45, 46, 45, 46, 54]","['[G C1 -> G L1]', '[R R2 -> R C1]', '[B R1 -> B C2]', '[B C2 -> B R1]', '[B R1 -> B C2]', '[G L1 -> G R1]']",0.04953625663766238,0.4,0.5
4,100.25,"[32, 45, 46, 54]","['[G C1 -> G L1]', '[R R2 -> R C1]', '[B R1 -> B C2]', '[G L1 -> G R1]']",0.04953625663766238,0.4,0.5
4,100.25,"[32, 45, 46, 54]","['[G C1 -> G L1]', '[R R2 -> R C1]', '[B R1 -> B C2]', '[G L1 -> G R1]']",0.04953625663766238,0.4,0.5
4,100.25,"[32, 45, 46, 54]","['[G C1 -> G L1]', '[R R2 -> R C1]', '[B R1 -> B C2]', '[G L1 -> G R1]']",0.04953625663766238,0.4,0.5
8,1.25,"[34, 33, 32, 45, 44, 45, 46, 54]","['[R R2 -> R C2]', '[R C2 -> R R2]', '[G C1 -> G L1]', '[R R2 -> R C1]', '[G L1 -> G C2]', '[G C2 -> G L1]', '[B R1 -> B C2]', '[G L1 -> G R1]']",0.04953625663766238,0.4,0.5
4,100.25,"[32, 45, 46, 54]","['[G C1 -> G L1]', '[R R2 -> R C1]', '[B R1 -> B C2]', '[G L1 -> G R1]']",0.04953625663766238,0.4,0.5
6,1.25,"[32, 33, 32, 45, 46, 54]","['[G C1 -> G L1]', '[G L1 -> G C1]', '[G C1 -> G L1]', '[R R2 -> R C1]', '[B R1 -> B C2]', '[G L1 -> G R1]']",0.04953625663766238,0.4,0.5
4,100.25,"[32, 45, 46, 54]","['[G C1 -> G L1]', '[R R2 -> R C1]', '[B R1 -> B C2]', '[G L1 -> G R1]']",0.04953625663766238,0.4,0.5
6,1.25,"[32, 45, 44, 45, 46, 54]","['[G C1 -> G L1]', '[R R2 -> R C1]', '[G L1 -> G C2]', '[G C2 -> G L1]', '[B R1 -> B C2]', '[G L1 -> G R1]']",0.04953625663766238,0.4,0.5
4,100.25,"[32, 45, 46, 54]","['[G C1 -> G L1]', '[R R2 -> R C1]', '[B R1 -> B C2]', '[G L1 -> G R1]']",0.04953625663766238,0.4,0.5
4,100.25,"[32, 45, 46, 54]","['[G C1 -> G L1]', '[R R2 -> R C1]', '[B R1 -> B C2]', '[G L1 -> G R1]']",0.04953625663766238,0.4,0.5
4,100.25,"[32, 45, 46, 54]","['[G C1 -> G L1]', '[R R2 -> R C1]', '[B R1 -> B C2]', '[G L1 -> G R1]']",0.04953625663766238,0.4,0.5
4,100.25,"[32, 45, 46, 54]","['[G C1 -> G L1]', '[R R2 -> R C1]', '[B R1 -> B C2]', '[G L1 -> G R1]']",0.04953625663766238,0.4,0.5
4,100.25,"[32, 45, 46, 54]","['[G C1 -> G L1]', '[R R2 -> R C1]', '[B R1 -> B C2]', '[G L1 -> G R1]']",0.04953625663766238,0.4,0.5
4,100.25,"[32, 45, 46, 54]","['[G C1 -> G L1]', '[R R2 -> R C1]', '[B R1 -> B C2]', '[G L1 -> G R1]']",0.04953625663766238,0.4,0.5
4,100.25,"[32, 45, 46, 54]","['[G C1 -> G L1]', '[R R2 -> R C1]', '[B R1 -> B C2]', '[G L1 -> G R1]']",0.04953625663766238,0.4,0.5
5,1.25,"[31, 32, 45, 46, 54]","['[G C1 -> G R2]', '[G R2 -> G L1]', '[R R2 -> R C1]', '[B R1 -> B C2]', '[G L1 -> G R1]']",0.04953625663766238,0.4,0.5
4,100.25,"[32, 45, 46, 54]","['[G C1 -> G L1]', '[R R2 -> R C1]', '[B R1 -> B C2]', '[G L1 -> G R1]']",0.04953625663766238,0.4,0.5
4,100.25,"[32, 45, 46, 54]","['[G C1 -> G L1]', '[R R2 -> R C1]', '[B R1 -> B C2]', '[G L1 -> G R1]']",0.04953625663766238,0.4,0.5
6,1.25,"[35, 33, 32, 45, 46, 54]","['[R R2 -> R L1]', '[R L1 -> R R2]', '[G C1 -> G L1]', '[R R2 -> R C1]', '[B R1 -> B C2]', '[G L1 -> G R1]']",0.04953625663766238,0.4,0.5
4,100.25,"[32, 45, 46, 54]","['[G C1 -> G L1]', '[R R2 -> R C1]', '[B R1 -> B C2]', '[G L1 -> G R1]']",0.04953625663766238,0.4,0.5
6,1.25,"[32, 31, 32, 45, 46, 54]","['[G C1 -> G L1]', '[G L1 -> G R2]', '[G R2 -> G L1]', '[R R2 -> R C1]', '[B R1 -> B C2]', '[G L1 -> G R1]']",0.04953625663766238,0.4,0.5
4,100.25,"[32, 45, 46, 54]","['[G C1 -> G L1]', '[R R2 -> R C1]', '[B R1 -> B C2]', '[G L1 -> G R1]']",0.04953625663766238,0.4,0.5
4,100.25,"[32, 45, 46, 54]","['[G C1 -> G L1]', '[R R2 -> R C1]', '[B R1 -> B C2]', '[G L1 -> G R1]']",0.04953625663766238,0.4,0.5
4,100.25,"[32, 45, 46, 54]","['[G C1 -> G L1]', '[R R2 -> R C1]', '[B R1 -> B C2]', '[G L1 -> G R1]']",0.04953625663766238,0.4,0.5
4,100.25,"[32, 45, 46, 54]","['[G C1 -> G L1]', '[R R2 -> R C1]', '[B R1 -> B C2]', '[G L1 -> G R1]']",0.04953625663766238,0.4,0.5
4,100.25,"[32, 45, 46, 54]","['[G C1 -> G L1]', '[R R2 -> R C1]', '[B R1 -> B C2]', '[G L1 -> G R1]']",0.04953625663766238,0.4,0.5
4,100.25,"[32, 45, 46, 54]","['[G C1 -> G L1]', '[R R2 -> R C1]', '[B R1 -> B C2]', '[G L1 -> G R1]']",0.04953625663766238,0.4,0.5
4,100.25,"[32, 45, 46, 54]","['[G C1 -> G L1]', '[R R2 -> R C1]', '[B R1 -> B C2]', '[G L1 -> G R1]']",0.04953625663766238,0.4,0.5
4,100.25,"[32, 45, 46, 54]","['[G C1 -> G L1]', '[R R2 -> R C1]', '[B R1 -> B C2]', '[G L1 -> G R1]']",0.04953625663766238,0.4,0.5
4,100.25,"[32, 45, 46, 54]","['[G C1 -> G L1]', '[R R2 -> R C1]', '[B R1 -> B C2]', '[G L1 -> G R1]']",0.04953625663766238,0.4,0.5
4,100.25,"[32, 45, 46, 54]","['[G C1 -> G L1]', '[R R2 -> R C1]', '[B R1 -> B C2]', '[G L1 -> G R1]']",0.04953625663766238,0.4,0.5
4,100.25,"[32, 45, 46, 54]","['[G C1 -> G L1]', '[R R2 -> R C1]', '[B R1 -> B C2]', '[G L1 -> G R1]']",0.04953625663766238,0.4,0.5
4,100.25,"[32, 45, 46, 54]","['[G C1 -> G L1]', '[R R2 -> R C1]', '[B R1 -> B C2]', '[G L1 -> G R1]']",0.04953625663766238,0.4,0.5
4,100.25,"[32, 45, 46, 54]","['[G C1 -> G L1]', '[R R2 -> R C1]', '[B R1 -> B C2]', '[G L1 -> G R1]']",0.04953625663766238,0.4,0.5
4,100.25,"[32, 45, 46, 54]","['[G C1 -> G L1]', '[R R2 -> R C1]', '[B R1 -> B C2]', '[G L1 -> G R1]']",0.04953625663766238,0.4,0.5
6,1.25,"[32, 31, 32, 45, 46, 54]","['[G C1 -> G L1]', '[G L1 -> G R2]', '[G R2 -> G L1]', '[R R2 -> R C1]', '[B R1 -> B C2]', '[G L1 -> G R1]']",0.04953625663766238,0.4,0.5
4,100.25,"[32, 45, 46, 54]","['[G C1 -> G L1]', '[R R2 -> R C1]', '[B R1 -> B C2]', '[G L1 -> G R1]']",0.04953625663766238,0.4,0.5
4,100.25,"[32, 45, 46, 54]","['[G C1 -> G L1]', '[R R2 -> R C1]', '[B R1 -> B C2]', '[G L1 -> G R1]']",0.04953625663766238,0.4,0.5
4,100.25,"[32, 45, 46, 54]","['[G C1 -> G L1]', '[R R2 -> R C1]', '[B R1 -> B C2]', '[G L1 -> G R1]']",0.04953625663766238,0.4,0.5
4,100.25,"[32, 45, 46, 54]","['[G C1 -> G L1]', '[R R2 -> R C1]', '[B R1 -> B C2]', '[G L1 -> G R1]']",0.04953625663766238,0.4,0.5
4,100.25,"[32, 45, 46, 54]","['[G C1 -> G L1]', '[R R2 -> R C1]', '[B R1 -> B C2]', '[G L1 -> G R1]']",0.04953625663766238,0.4,0.5
4,100.25,"[32, 45, 46, 54]","['[G C1 -> G L1]', '[R R2 -> R C1]', '[B R1 -> B C2]', '[G L1 -> G R1]']",0.04953625663766238,0.4,0.5
4,100.25,"[32, 45, 46, 54]","['[G C1 -> G L1]', '[R R2 -> R C1]', '[B R1 -> B C2]', '[G L1 -> G R1]']",0.04953625663766238,0.4,0.5
4,100.25,"[32, 45, 46, 54]","['[G C1 -> G L1]', '[R R2 -> R C1]', '[B R1 -> B C2]', '[G L1 -> G R1]']",0.04953625663766238,0.4,0.5
4,100.25,"[32, 45, 46, 54]","['[G C1 -> G L1]', '[R R2 -> R C1]', '[B R1 -> B C2]', '[G L1 -> G R1]']",0.04953625663766238,0.4,0.5
4,100.25,"[32, 45, 46, 54]","['[G C1 -> G L1]', '[R R2 -> R C1]', '[B R1 -> B C2]', '[G L1 -> G R1]']",0.04953625663766238,0.4,0.5
4,100.25,"[32, 45, 46, 54]","['[G C1 -> G L1]', '[R R2 -> R C1]', '[B R1 -> B C2]', '[G L1 -> G R1]']",0.04953625663766238,0.4,0.5
4,100.25,"[32, 45, 46, 54]","['[G C1 -> G L1]', '[R R2 -> R C1]', '[B R1 -> B C2]', '[G L1 -> G R1]']",0.04953625663766238,0.4,0.5
4,100.25,"[32, 45, 46, 54]","['[G C1 -> G L1]', '[R R2 -> R C1]', '[B R1 -> B C2]', '[G L1 -> G R1]']",0.04953625663766238,0.4,0.5
4,100.25,"[32, 45, 46, 54]","['[G C1 -> G L1]', '[R R2 -> R C1]', '[B R1 -> B C2]', '[G L1 -> G R1]']",0.04953625663766238,0.4,0.5
4,100.25,"[32, 45, 46, 54]","['[G C1 -> G L1]', '[R R2 -> R C1]', '[B R1 -> B C2]', '[G L1 -> G R1]']",0.04953625663766238,0.4,0.5
4,100.25,"[32, 45, 46, 54]","['[G C1 -> G L1]', '[R R2 -> R C1]', '[B R1 -> B C2]', '[G L1 -> G R1]']",0.04953625663766238,0.4,0.5
4,100.25,"[32, 45, 46, 54]","['[G C1 -> G L1]', '[R R2 -> R C1]', '[B R1 -> B C2]', '[G L1 -> G R1]']",0.04953625663766238,0.4,0.5
4,100.25,"[32, 45, 46, 54]","['[G C1 -> G L1]', '[R R2 -> R C1]', '[B R1 -> B C2]', '[G L1 -> G R1]']",0.04953625663766238,0.4,0.5
4,100.25,"[32, 45, 46, 54]","['[G C1 -> G L1]', '[R R2 -> R C1]', '[B R1 -> B C2]', '[G L1 -> G R1]']",0.04953625663766238,0.4,0.5
6,1.25,"[32, 45, 43, 45, 46, 54]","['[G C1 -> G L1]', '[R R2 -> R C1]', '[G L1 -> G R2]', '[G R2 -> G L1]', '[B R1 -> B C2]', '[G L1 -> G R1]']",0.04953625663766238,0.4,0.5
6,1.25,"[32, 31, 32, 45, 46, 54]","['[G C1 -> G L1]', '[G L1 -> G R2]', '[G R2 -> G L1]', '[R R2 -> R C1]', '[B R1 -> B C2]', '[G L1 -> G R1]']",0.04953625663766238,0.4,0.5
4,100.25,"[32, 45, 46, 54]","['[G C1 -> G L1]', '[R R2 -> R C1]', '[B R1 -> B C2]', '[G L1 -> G R1]']",0.04953625663766238,0.4,0.5
4,100.25,"[32, 45, 46, 54]","['[G C1 -> G L1]', '[R R2 -> R C1]', '[B R1 -> B C2]', '[G L1 -> G R1]']",0.04953625663766238,0.4,0.5
4,100.25,"[32, 45, 46, 54]","['[G C1 -> G L1]', '[R R2 -> R C1]', '[B R1 -> B C2]', '[G L1 -> G R1]']",0.04953625663766238,0.4,0.5
4,100.25,"[32, 45, 46, 54]","['[G C1 -> G L1]', '[R R2 -> R C1]', '[B R1 -> B C2]', '[G L1 -> G R1]']",0.04953625663766238,0.4,0.5
4,100.25,"[32, 45, 46, 54]","['[G C1 -> G L1]', '[R R2 -> R C1]', '[B R1 -> B C2]', '[G L1 -> G R1]']",0.04953625663766238,0.4,0.5
4,100.25,"[32, 45, 46, 54]","['[G C1 -> G L1]', '[R R2 -> R C1]', '[B R1 -> B C2]', '[G L1 -> G R1]']",0.04953625663766238,0.4,0.5
4,100.25,"[32, 45, 46, 54]","['[G C1 -> G L1]', '[R R2 -> R C1]', '[B R1 -> B C2]', '[G L1 -> G R1]']",0.04953625663766238,0.4,0.5
4,100.25,"[32, 45, 46, 54]","['[G C1 -> G L1]', '[R R2 -> R C1]', '[B R1 -> B C2]', '[G L1 -> G R1]']",0.04953625663766238,0.4,0.5
4,100.25,"[32, 45, 46, 54]","['[G C1 -> G L1]', '[R R2 -> R C1]', '[B R1 -> B C2]', '[G L1 -> G R1]']",0.04953625663766238,0.4,0.5
6,1.25,"[32, 33, 32, 45, 46, 54]","['[G C1 -> G L1]', '[G L1 -> G C1]', '[G C1 -> G L1]', '[R R2 -> R C1]', '[B R1 -> B C2]', '[G L1 -> G R1]']",0.04953625663766238,0.4,0.5
4,100.25,"[32, 45, 46, 54]","['[G C1 -> G L1]', '[R R2 -> R C1]', '[B R1 -> B C2]', '[G L1 -> G R1]']",0.04953625663766238,0.4,0.5
6,1.25,"[32, 45, 43, 45, 46, 54]","['[G C1 -> G L1]', '[R R2 -> R C1]', '[G L1 -> G R2]', '[G R2 -> G L1]', '[B R1 -> B C2]', '[G L1 -> G R1]']",0.04953625663766238,0.4,0.5
4,100.25,"[32, 45, 46, 54]","['[G C1 -> G L1]', '[R R2 -> R C1]', '[B R1 -> B C2]', '[G L1 -> G R1]']",0.04953625663766238,0.4,0.5
4,100.25,"[32, 45, 46, 54]","['[G C1 -> G L1]', '[R R2 -> R C1]', '[B R1 -> B C2]', '[G L1 -> G R1]']",0.04953625663766238,0.4,0.5
4,100.25,"[32, 45, 46, 54]","['[G C1 -> G L1]', '[R R2 -> R C1]', '[B R1 -> B C2]', '[G L1 -> G R1]']",0.04953625663766238,0.4,0.5
4,100.25,"[32, 45, 46, 54]","['[G C1 -> G L1]', '[R R2 -> R C1]', '[B R1 -> B C2]', '[G L1 -> G R1]']",0.04953625663766238,0.4,0.5
4,100.25,"[32, 45, 46, 54]","['[G C1 -> G L1]', '[R R2 -> R C1]', '[B R1 -> B C2]', '[G L1 -> G R1]']",0.04953625663766238,0.4,0.5
4,100.25,"[32, 45, 46, 54]","['[G C1 -> G L1]', '[R R2 -> R C1]', '[B R1 -> B C2]', '[G L1 -> G R1]']",0.04953625663766238,0.4,0.5
4,100.25,"[32, 45, 46, 54]","['[G C1 -> G L1]', '[R R2 -> R C1]', '[B R1 -> B C2]', '[G L1 -> G R1]']",0.04953625663766238,0.4,0.5
4,100.25,"[32, 45, 46, 54]","['[G C1 -> G L1]', '[R R2 -> R C1]', '[B R1 -> B C2]', '[G L1 -> G R1]']",0.04953625663766238,0.4,0.5
4,100.25,"[32, 45, 46, 54]","['[G C1 -> G L1]', '[R R2 -> R C1]', '[B R1 -> B C2]', '[G L1 -> G R1]']",0.04953625663766238,0.4,0.5
4,100.25,"[32, 45, 46, 54]","['[G C1 -> G L1]', '[R R2 -> R C1]', '[B R1 -> B C2]', '[G L1 -> G R1]']",0.04953625663766238,0.4,0.5
6,1.25,"[32, 45, 46, 45, 46, 54]","['[G C1 -> G L1]', '[R R2 -> R C1]', '[B R1 -> B C2]', '[B C2 -> B R1]', '[B R1 -> B C2]', '[G L1 -> G R1]']",0.04953625663766238,0.4,0.5
4,100.25,"[32, 45, 46, 54]","['[G C1 -> G L1]', '[R R2 -> R C1]', '[B R1 -> B C2]', '[G L1 -> G R1]']",0.04953625663766238,0.4,0.5
